alpha logU dens met OH CII_1335 CIV_1551 HeII_1640 CIII_1909 Hbeta OIII_5007 Halpha NII_6583 CI_9850 SIII_9531 HeI_10830 PaGamma PII_1188 FeII_1257 PaBeta FeII_132 FeII_164 PaAlpha
-1.4 -4.0 2.0 0.006 8.147 16.031 0.012 102.389 13.644 100.0 20.282 290.892 46.792 8.625 29.822 31.957 8.325 2.293 7.118 15.053 1.883 6.02 29.605
-1.4 -3.5 2.0 0.006 8.147 19.226 0.428 150.122 51.923 100.0 200.226 290.209 43.728 2.206 52.215 27.802 8.169 1.737 4.403 14.812 1.165 3.724 28.972
-1.4 -3.0 2.0 0.006 8.147 21.148 8.622 185.092 149.596 100.0 630.931 288.765 25.131 0.464 72.686 25.457 8.018 1.143 2.6 14.571 0.688 2.199 28.344
-1.4 -2.0 2.0 0.006 8.147 16.628 198.721 251.771 310.881 100.0 1064.505 282.845 5.674 0.023 46.233 24.068 7.873 0.369 1.087 14.247 0.288 0.919 27.444
-1.4 -1.0 2.0 0.006 8.147 7.595 471.028 479.255 177.285 100.0 857.001 281.61 2.807 0.664 15.932 17.25 7.313 0.32 1.274 13.506 0.337 1.078 25.653
-1.4 -4.0 2.0 0.008 8.272 17.193 0.014 103.177 16.413 100.0 25.686 289.69 72.268 11.384 38.319 32.191 8.384 2.952 9.172 15.122 2.427 7.758 29.755
-1.4 -3.5 2.0 0.008 8.272 20.635 0.47 151.503 59.756 100.0 248.261 288.676 67.397 2.915 67.007 28.005 8.256 2.236 5.663 14.906 1.498 4.79 29.18
-1.4 -3.0 2.0 0.008 8.272 22.547 9.141 188.269 165.887 100.0 777.3 286.874 39.046 0.617 93.217 25.643 8.144 1.469 3.337 14.704 0.883 2.822 28.636
-1.4 -2.0 2.0 0.008 8.272 17.351 213.838 264.764 340.189 100.0 1284.501 281.474 9.122 0.036 59.592 23.779 8.003 0.477 1.405 14.388 0.372 1.188 27.755
-1.4 -1.0 2.0 0.008 8.272 7.462 517.709 515.874 210.699 100.0 957.253 281.691 5.022 1.761 21.576 15.769 7.355 0.438 1.766 13.56 0.467 1.493 25.78
-1.4 -4.0 2.0 0.01 8.369 18.119 0.015 103.732 18.421 100.0 30.37 288.611 101.784 14.046 46.197 32.379 8.439 3.575 11.141 15.187 2.947 9.423 29.9
-1.4 -3.5 2.0 0.01 8.369 21.694 0.484 152.563 64.159 100.0 287.426 287.382 94.665 3.602 80.502 28.155 8.332 2.704 6.867 14.992 1.817 5.808 29.372
-1.4 -3.0 2.0 0.01 8.369 23.57 9.08 190.679 171.934 100.0 894.54 285.358 55.2 0.768 111.751 25.751 8.247 1.772 4.031 14.819 1.066 3.41 28.89
-1.4 -2.0 2.0 0.01 8.369 18.045 220.402 275.667 355.982 100.0 1464.683 280.443 13.299 0.051 72.116 23.481 8.104 0.577 1.708 14.502 0.452 1.444 28.007
-1.4 -1.0 2.0 0.01 8.369 7.489 551.928 543.19 238.949 100.0 1034.527 281.754 7.955 3.225 27.152 14.652 7.394 0.552 2.258 13.608 0.597 1.91 25.898
-1.4 -4.0 2.0 0.014 8.515 19.429 0.015 104.575 20.469 100.0 37.667 286.793 170.782 19.065 60.14 32.674 8.538 4.723 14.885 15.309 3.938 12.59 30.174
-1.4 -3.5 2.0 0.014 8.515 23.112 0.461 153.881 65.55 100.0 342.263 285.396 157.745 4.901 103.64 28.342 8.458 3.554 9.142 15.146 2.418 7.732 29.721
-1.4 -3.0 2.0 0.014 8.515 24.972 8.028 193.886 164.168 100.0 1052.466 283.225 93.027 1.06 142.9 25.811 8.406 2.313 5.314 15.011 1.406 4.495 29.324
-1.4 -2.0 2.0 0.014 8.515 19.399 219.473 293.201 363.774 100.0 1736.072 279.049 23.695 0.088 94.923 22.902 8.249 0.759 2.277 14.679 0.602 1.926 28.403
-1.4 -1.0 2.0 0.014 8.515 7.821 600.4 581.311 284.86 100.0 1153.556 281.793 16.044 6.762 38.137 13.084 7.465 0.763 3.231 13.695 0.855 2.733 26.113
-1.4 -4.0 2.0 0.02 8.67 20.857 0.015 115.733 21.205 100.0 47.321 284.51 295.82 26.316 76.048 40.583 8.657 6.203 19.567 15.459 5.176 16.549 30.503
-1.4 -3.5 2.0 0.02 8.67 25.063 0.425 166.879 63.722 100.0 411.152 283.097 270.589 6.781 131.315 36.107 8.602 4.674 11.825 15.328 3.128 10.002 30.127
-1.4 -3.0 2.0 0.02 8.67 27.329 6.969 207.806 149.969 100.0 1236.267 281.075 159.359 1.485 180.046 33.552 8.57 3.049 6.691 15.228 1.77 5.659 29.816
-1.4 -2.0 2.0 0.02 8.67 22.405 230.976 326.484 379.49 100.0 2112.472 277.889 42.221 0.147 126.031 30.199 8.402 1.023 2.874 14.894 0.76 2.431 28.899
-1.4 -1.0 2.0 0.02 8.67 9.42 763.612 700.592 372.015 100.0 1606.977 280.63 30.797 11.133 55.961 17.939 7.609 1.095 4.567 13.853 1.208 3.863 26.487
-1.4 -4.0 2.0 0.04 8.971 22.359 0.01 114.42 11.88 100.0 48.651 282.013 744.854 40.57 105.735 40.896 8.929 9.71 34.094 15.887 9.019 28.837 31.536
-1.4 -3.5 2.0 0.04 8.971 28.169 0.276 165.495 28.864 100.0 385.795 281.333 670.725 10.73 174.53 35.793 8.891 7.153 20.653 15.799 5.464 17.468 31.267
-1.4 -3.0 2.0 0.04 8.971 32.952 3.585 209.973 58.075 100.0 1141.604 280.124 406.151 2.504 234.887 32.609 8.87 4.605 11.149 15.738 2.949 9.43 31.058
-1.4 -2.0 2.0 0.04 8.971 29.609 164.608 369.508 274.866 100.0 2392.252 277.199 129.325 0.449 193.508 27.907 8.653 1.64 5.016 15.299 1.327 4.242 29.854
-1.4 -1.0 2.0 0.04 8.971 12.569 853.416 777.21 451.35 100.0 1940.183 279.922 126.902 28.566 106.856 14.921 7.84 1.857 8.798 14.137 2.327 7.441 27.212
-1.4 -4.0 2.0 0.06 9.147 24.491 0.009 111.181 5.212 100.0 40.192 282.453 1107.711 45.103 112.235 40.761 9.088 11.541 44.363 16.196 11.736 37.522 32.331
-1.4 -3.5 2.0 0.06 9.147 32.381 0.264 161.567 11.694 100.0 301.101 281.984 998.39 12.271 181.385 35.378 9.058 8.447 27.533 16.128 7.284 23.288 32.112
-1.4 -3.0 2.0 0.06 9.147 39.954 3.003 208.049 21.416 100.0 868.016 281.201 613.643 2.998 241.102 31.921 9.046 5.432 14.496 16.094 3.835 12.26 31.976
-1.4 -2.0 2.0 0.06 9.147 37.312 110.949 388.736 187.437 100.0 2258.329 278.068 221.134 0.8 229.225 26.525 8.793 2.027 6.762 15.576 1.789 5.719 30.556
-1.4 -1.0 2.0 0.06 9.147 15.615 903.159 801.608 450.175 100.0 2096.374 279.274 271.128 42.595 152.022 13.964 8.0 2.363 12.476 14.344 3.3 10.552 27.732
-1.4 -4.0 3.0 0.006 8.147 16.727 0.012 101.556 14.095 100.0 20.764 291.303 47.484 8.065 30.916 49.45 8.306 2.381 6.477 15.029 1.713 5.478 29.563
-1.4 -3.5 3.0 0.006 8.147 19.724 0.451 149.035 53.785 100.0 205.264 290.666 44.751 2.03 53.716 48.279 8.147 1.796 4.06 14.785 1.074 3.434 28.922
-1.4 -3.0 3.0 0.006 8.147 21.329 9.078 183.74 153.496 100.0 642.984 289.184 26.269 0.422 74.303 48.804 7.994 1.183 2.47 14.545 0.653 2.089 28.294
-1.4 -2.0 3.0 0.006 8.147 16.361 207.14 249.824 308.984 100.0 1078.897 283.042 6.58 0.022 47.048 50.245 7.859 0.391 1.102 14.232 0.291 0.932 27.416
-1.4 -1.0 3.0 0.006 8.147 7.19 472.843 473.114 169.083 100.0 867.373 281.492 3.171 1.235 16.24 34.895 7.338 0.351 1.335 13.53 0.353 1.129 25.717
-1.4 -4.0 3.0 0.008 8.272 17.924 0.014 102.259 17.148 100.0 26.454 290.18 73.491 10.662 39.885 49.475 8.361 3.075 8.331 15.091 2.204 7.047 29.699
-1.4 -3.5 3.0 0.008 8.272 21.228 0.507 150.333 62.906 100.0 256.701 289.221 69.139 2.691 69.295 48.181 8.228 2.321 5.218 14.872 1.381 4.414 29.113
-1.4 -3.0 3.0 0.008 8.272 22.838 9.796 186.843 173.082 100.0 798.379 287.373 40.855 0.564 95.797 48.569 8.114 1.529 3.174 14.67 0.84 2.685 28.567
-1.4 -2.0 3.0 0.008 8.272 17.09 224.752 262.755 341.76 100.0 1308.036 281.737 10.418 0.035 60.872 48.881 7.984 0.509 1.429 14.368 0.378 1.209 27.714
-1.4 -1.0 3.0 0.008 8.272 7.07 521.676 510.212 202.357 100.0 971.944 281.584 5.455 2.883 22.059 31.874 7.376 0.484 1.848 13.577 0.489 1.563 25.827
-1.4 -4.0 3.0 0.01 8.369 18.905 0.016 102.787 19.474 100.0 31.489 289.161 103.779 13.195 48.274 49.44 8.412 3.735 10.103 15.151 2.673 8.545 29.829
-1.4 -3.5 3.0 0.01 8.369 22.395 0.531 151.334 68.579 100.0 299.538 287.978 97.393 3.338 83.66 47.993 8.299 2.818 6.32 14.953 1.672 5.346 29.292
-1.4 -3.0 3.0 0.01 8.369 23.987 9.903 189.188 182.638 100.0 926.661 285.901 57.849 0.706 115.48 48.189 8.213 1.852 3.836 14.778 1.015 3.244 28.805
-1.4 -2.0 3.0 0.01 8.369 17.802 233.841 273.598 361.8 100.0 1499.64 280.757 15.023 0.051 73.955 47.608 8.079 0.62 1.74 14.476 0.46 1.472 27.953
-1.4 -1.0 3.0 0.01 8.369 7.106 557.7 537.856 230.94 100.0 1053.411 281.669 8.457 4.956 27.815 29.582 7.41 0.612 2.358 13.621 0.624 1.994 25.932
-1.4 -4.0 3.0 0.014 8.515 20.35 0.017 103.475 22.183 100.0 39.578 287.432 175.097 17.987 63.308 49.181 8.504 4.956 13.439 15.263 3.555 11.366 30.083
-1.4 -3.5 3.0 0.014 8.515 24.039 0.527 152.604 72.686 100.0 363.989 286.014 163.453 4.569 108.953 47.404 8.42 3.728 8.381 15.096 2.217 7.089 29.614
-1.4 -3.0 3.0 0.014 8.515 25.64 9.157 192.468 182.233 100.0 1114.013 283.747 97.947 0.984 149.606 47.172 8.365 2.438 5.053 14.958 1.337 4.274 29.208
-1.4 -2.0 3.0 0.014 8.515 19.189 237.753 291.05 378.787 100.0 1797.402 279.426 26.388 0.092 98.105 45.3 8.219 0.825 2.327 14.643 0.616 1.968 28.331
-1.4 -1.0 3.0 0.014 8.515 7.457 608.972 576.702 278.246 100.0 1179.38 281.75 16.729 9.761 39.169 26.36 7.473 0.852 3.355 13.698 0.888 2.838 26.124
-1.4 -4.0 3.0 0.02 8.67 22.012 0.017 114.61 23.834 100.0 50.729 285.146 306.23 24.912 80.969 61.142 8.617 6.553 17.54 15.401 4.64 14.835 30.385
-1.4 -3.5 3.0 0.02 8.67 26.31 0.507 165.571 74.185 100.0 448.76 283.648 283.291 6.346 140.165 60.074 8.559 4.947 10.775 15.267 2.851 9.114 29.993
-1.4 -3.0 3.0 0.02 8.67 28.312 8.318 206.536 176.346 100.0 1346.024 281.473 169.196 1.387 191.899 60.311 8.526 3.251 6.358 15.162 1.682 5.378 29.667
-1.4 -2.0 3.0 0.02 8.67 22.258 254.779 324.716 406.568 100.0 2231.495 278.197 46.545 0.158 132.151 57.777 8.367 1.126 2.965 14.845 0.784 2.508 28.794
-1.4 -1.0 3.0 0.02 8.67 9.062 775.968 695.372 366.142 100.0 1648.306 280.689 32.036 15.85 57.773 35.375 7.607 1.234 4.763 13.845 1.26 4.029 26.472
-1.4 -4.0 3.0 0.04 8.971 23.52 0.012 113.539 14.967 100.0 55.622 282.344 800.181 39.951 116.873 57.698 8.879 10.499 30.343 15.8 8.027 25.664 31.348
-1.4 -3.5 3.0 0.04 8.971 29.3 0.334 164.774 39.4 100.0 463.887 281.411 733.409 10.497 196.183 54.628 8.839 7.792 18.524 15.702 4.9 15.668 31.04
-1.4 -3.0 3.0 0.04 8.971 33.893 4.565 209.759 87.826 100.0 1419.036 279.899 450.776 2.471 268.846 53.022 8.809 5.088 10.489 15.619 2.775 8.871 30.764
-1.4 -2.0 3.0 0.04 8.971 29.552 204.679 370.778 336.522 100.0 2733.77 277.133 144.173 0.562 213.773 49.418 8.599 1.872 5.185 15.202 1.372 4.385 29.621
-1.4 -1.0 3.0 0.04 8.971 12.383 876.737 773.956 463.842 100.0 2033.053 280.144 132.152 38.706 111.58 28.869 7.818 2.127 9.001 14.104 2.381 7.613 27.138
-1.4 -4.0 3.0 0.06 9.147 25.341 0.01 110.63 7.312 100.0 48.437 282.449 1234.479 46.207 128.513 54.319 9.033 12.783 39.89 16.09 10.553 33.739 32.087
-1.4 -3.5 3.0 0.06 9.147 33.223 0.306 161.421 18.471 100.0 399.336 281.678 1142.47 12.534 214.412 50.676 8.994 9.467 24.689 15.999 6.531 20.882 31.794
-1.4 -3.0 3.0 0.06 9.147 40.747 3.614 209.054 42.598 100.0 1274.842 280.442 720.869 3.144 299.707 48.585 8.96 6.249 13.64 15.914 3.608 11.537 31.511
-1.4 -2.0 3.0 0.06 9.147 37.287 158.975 394.939 266.117 100.0 2845.292 277.419 256.832 1.142 269.276 44.436 8.717 2.406 7.052 15.422 1.866 5.965 30.155
-1.4 -1.0 3.0 0.06 9.147 15.563 936.828 800.013 482.398 100.0 2257.083 279.529 286.085 57.265 160.963 26.525 7.967 2.753 12.636 14.296 3.343 10.687 27.625
-1.4 -4.0 4.0 0.006 8.147 16.281 0.014 100.397 15.124 100.0 21.55 291.976 45.795 5.363 33.09 100.045 8.267 2.376 4.97 14.978 1.315 4.204 29.451
-1.4 -3.5 4.0 0.006 8.147 19.177 0.5 147.242 57.574 100.0 211.619 291.468 43.918 1.272 56.942 98.626 8.097 1.773 3.18 14.726 0.841 2.689 28.794
-1.4 -3.0 4.0 0.006 8.147 20.432 9.783 181.661 159.244 100.0 650.835 289.791 27.339 0.256 77.802 99.007 7.951 1.17 2.018 14.497 0.534 1.707 28.184
-1.4 -2.0 4.0 0.006 8.147 15.266 227.511 245.977 310.92 100.0 1079.4 283.46 8.035 0.016 48.762 95.5 7.819 0.404 0.979 14.192 0.259 0.828 27.328
-1.4 -1.0 4.0 0.006 8.147 6.36 481.602 463.383 159.688 100.0 859.15 281.757 4.029 1.857 16.855 59.269 7.333 0.388 1.225 13.527 0.324 1.036 25.734
-1.4 -4.0 4.0 0.008 8.272 17.738 0.017 101.042 18.914 100.0 27.829 291.064 71.237 7.124 43.028 100.035 8.31 3.08 6.377 15.026 1.687 5.394 29.552
-1.4 -3.5 4.0 0.008 8.272 21.061 0.583 148.448 69.518 100.0 268.871 290.22 68.111 1.697 74.121 98.463 8.165 2.301 4.079 14.798 1.079 3.45 28.947
-1.4 -3.0 4.0 0.008 8.272 22.262 10.814 184.591 183.76 100.0 816.231 288.139 42.432 0.347 100.99 98.709 8.06 1.519 2.593 14.609 0.686 2.193 28.426
-1.4 -2.0 4.0 0.008 8.272 16.144 252.066 259.008 350.633 100.0 1318.305 282.223 12.499 0.027 63.481 93.471 7.935 0.531 1.266 14.316 0.335 1.071 27.596
-1.4 -1.0 4.0 0.008 8.272 6.307 534.564 500.243 193.11 100.0 967.155 281.889 6.528 4.079 22.988 55.025 7.363 0.541 1.695 13.566 0.448 1.434 25.822
-1.4 -4.0 4.0 0.01 8.369 19.018 0.019 101.513 22.135 100.0 33.637 290.226 101.174 8.854 52.495 99.879 8.35 3.752 7.71 15.071 2.04 6.521 29.652
-1.4 -3.5 4.0 0.01 8.369 22.619 0.634 149.426 78.264 100.0 318.898 289.107 96.381 2.119 90.304 98.126 8.227 2.804 4.929 14.865 1.304 4.169 29.094
-1.4 -3.0 4.0 0.01 8.369 23.736 11.227 186.91 198.926 100.0 958.546 286.758 60.043 0.438 122.664 98.131 8.15 1.848 3.13 14.706 0.828 2.648 28.637
-1.4 -2.0 4.0 0.01 8.369 16.984 267.891 270.012 378.2 100.0 1522.394 281.285 17.776 0.042 77.571 91.43 8.025 0.651 1.54 14.414 0.408 1.303 27.813
-1.4 -1.0 4.0 0.01 8.369 6.401 574.75 528.001 222.558 100.0 1052.535 282.003 9.715 6.828 29.087 51.602 7.391 0.69 2.161 13.602 0.572 1.828 25.906
-1.4 -4.0 4.0 0.014 8.515 21.072 0.022 102.329 26.908 100.0 43.841 288.688 173.168 12.212 70.071 99.321 8.425 5.014 10.209 15.158 2.701 8.634 29.844
-1.4 -3.5 4.0 0.014 8.515 25.02 0.676 150.864 88.773 100.0 401.269 287.251 163.689 2.944 119.865 97.099 8.334 3.741 6.507 14.985 1.721 5.504 29.359
-1.4 -3.0 4.0 0.014 8.515 25.984 10.96 190.276 209.769 100.0 1181.718 284.662 101.882 0.624 161.489 96.391 8.292 2.452 4.112 14.866 1.088 3.478 28.993
-1.4 -2.0 4.0 0.014 8.515 18.621 285.13 288.185 412.015 100.0 1854.943 279.971 30.642 0.087 104.226 87.582 8.154 0.878 2.059 14.564 0.545 1.742 28.144
-1.4 -1.0 4.0 0.014 8.515 6.85 633.367 567.159 272.79 100.0 1186.464 282.155 18.3 13.148 41.193 46.522 7.443 0.973 3.069 13.665 0.812 2.596 26.062
-1.4 -4.0 4.0 0.02 8.67 23.71 0.025 113.443 31.636 100.0 58.567 286.488 308.157 16.851 91.781 123.538 8.524 6.683 13.23 15.271 3.5 11.19 30.085
-1.4 -3.5 4.0 0.02 8.67 28.359 0.703 163.858 98.957 100.0 516.218 284.791 287.391 4.07 158.114 123.012 8.464 5.005 8.317 15.134 2.2 7.034 29.682
-1.4 -3.0 4.0 0.02 8.67 29.387 10.517 204.476 217.323 100.0 1473.28 282.238 176.019 0.877 211.46 122.857 8.449 3.292 5.175 15.054 1.369 4.377 29.409
-1.4 -2.0 4.0 0.02 8.67 21.956 313.308 322.4 457.36 100.0 2345.526 278.657 52.887 0.165 142.389 110.741 8.3 1.209 2.648 14.756 0.7 2.24 28.58
-1.4 -1.0 4.0 0.02 8.67 8.545 809.493 685.09 362.634 100.0 1665.856 281.126 34.403 21.382 61.231 62.254 7.569 1.429 4.403 13.802 1.165 3.724 26.38
-1.4 -4.0 4.0 0.04 8.971 25.92 0.018 113.565 25.522 100.0 74.013 282.804 867.839 29.379 142.806 114.902 8.777 11.098 22.726 15.62 6.012 19.222 30.905
-1.4 -3.5 4.0 0.04 8.971 31.865 0.491 164.752 68.382 100.0 609.139 281.574 794.551 7.304 239.274 110.414 8.74 8.17 14.071 15.526 3.722 11.901 30.594
-1.4 -3.0 4.0 0.04 8.971 35.619 6.413 209.581 141.123 100.0 1753.879 279.827 489.92 1.708 319.198 107.585 8.722 5.318 8.452 15.46 2.236 7.149 30.361
-1.4 -2.0 4.0 0.04 8.971 29.866 306.63 372.418 451.627 100.0 3107.233 277.204 162.969 0.865 243.329 95.619 8.516 2.085 4.64 15.064 1.227 3.924 29.284
-1.4 -1.0 4.0 0.04 8.971 12.329 939.967 765.772 490.59 100.0 2111.552 280.823 138.087 52.114 120.643 51.284 7.754 2.542 8.252 14.026 2.183 6.98 26.964
-1.4 -4.0 4.0 0.06 9.147 26.986 0.014 111.404 14.363 100.0 68.672 282.074 1408.674 36.617 164.87 105.875 8.935 13.914 30.264 15.893 8.006 25.597 31.583
-1.4 -3.5 4.0 0.06 9.147 35.046 0.403 162.402 37.775 100.0 569.827 281.095 1298.504 9.403 275.644 100.84 8.897 10.19 18.716 15.801 4.951 15.83 31.277
-1.4 -3.0 4.0 0.06 9.147 42.152 4.861 210.249 85.998 100.0 1758.897 279.691 816.823 2.367 378.789 97.075 8.865 6.693 10.968 15.718 2.901 9.276 30.995
-1.4 -2.0 4.0 0.06 9.147 37.719 289.612 400.34 422.68 100.0 3494.354 277.017 297.046 2.206 322.73 85.593 8.621 2.752 6.333 15.242 1.675 5.356 29.705
-1.4 -1.0 4.0 0.06 9.147 15.921 1025.45 793.955 542.47 100.0 2412.958 280.302 301.536 77.821 177.488 47.004 7.891 3.373 11.553 14.198 3.056 9.771 27.411
