Epeak p_NT gamma logU dens met OH CII_1335 CIV_1551 HeII_1640 CIII_1909 Hbeta OIII_5007 Halpha NII_6583 CI_9850 SIII_9531 HeI_10830 PaGamma PII_1188 FeII_1257 PaBeta FeII_132 FeII_164 PaAlpha
-1.7 0.1 2.0 -4.0 2.0 0.006 8.147 15.675 0.005 38.558 10.206 100.0 16.662 283.291 44.557 6.045 21.057 31.496 8.655 1.327 3.95 15.429 1.045 3.341 30.351
-1.7 0.25 2.0 -4.0 2.0 0.006 8.147 17.185 0.006 44.672 10.524 100.0 16.97 284.402 44.37 6.221 22.067 31.503 8.623 1.389 4.392 15.394 1.162 3.714 30.324
-1.7 0.4 2.0 -4.0 2.0 0.006 8.147 17.626 0.007 51.909 10.845 100.0 17.141 285.893 43.938 6.467 23.999 31.467 8.57 1.494 5.143 15.335 1.361 4.35 30.253
-1.7 0.1 2.0 -3.5 2.0 0.006 8.147 19.603 0.131 54.324 32.269 100.0 445.831 281.602 23.772 0.322 40.18 30.263 8.507 0.757 1.014 15.26 0.537 0.858 29.602
-1.7 0.25 2.0 -3.5 2.0 0.006 8.147 20.831 0.157 63.611 34.265 100.0 468.945 282.983 23.788 0.336 41.912 29.831 8.432 0.864 1.811 15.198 0.699 1.532 29.437
-1.7 0.4 2.0 -3.5 2.0 0.006 8.147 20.629 0.19 74.419 36.467 100.0 490.214 284.604 24.031 0.364 45.306 29.29 8.34 1.017 2.919 15.113 0.956 2.469 29.231
-1.7 0.1 2.0 -3.0 2.0 0.006 8.147 22.052 1.979 61.451 69.589 100.0 140.38 282.393 41.012 1.554 58.478 29.715 8.57 1.069 2.031 15.118 0.268 1.718 29.941
-1.7 0.25 2.0 -3.0 2.0 0.006 8.147 22.297 2.481 73.674 79.04 100.0 145.791 283.864 40.773 1.597 61.605 29.039 8.518 1.146 2.641 15.023 0.479 2.234 29.864
-1.7 0.4 2.0 -3.0 2.0 0.006 8.147 21.669 3.176 87.943 90.085 100.0 150.737 285.557 40.492 1.669 66.095 28.202 8.445 1.276 3.613 14.913 0.772 3.055 29.73
-1.7 0.1 2.0 -2.0 2.0 0.006 8.147 20.391 45.367 76.908 140.44 100.0 897.797 279.043 4.668 0.013 50.817 30.012 8.392 0.228 0.507 14.872 0.134 0.429 28.942
-1.7 0.25 2.0 -2.0 2.0 0.006 8.147 19.508 63.97 95.171 174.738 100.0 961.233 280.088 5.477 0.022 52.547 29.088 8.294 0.386 1.434 14.739 0.379 1.213 28.679
-1.7 0.4 2.0 -2.0 2.0 0.006 8.147 18.231 88.628 115.693 213.377 100.0 1002.327 282.001 6.801 0.076 53.596 27.76 8.167 0.566 2.488 14.589 0.658 2.104 28.406
-1.7 0.1 2.0 -1.0 2.0 0.006 8.147 11.684 182.542 164.162 115.704 100.0 1160.836 276.555 1.679 0.073 18.556 29.587 8.197 0.163 0.756 14.526 0.2 0.64 27.994
-1.7 0.25 2.0 -1.0 2.0 0.006 8.147 10.49 281.841 199.488 146.843 100.0 1171.268 279.387 3.412 5.242 22.592 27.023 8.008 0.454 2.337 14.289 0.618 1.977 27.605
-1.7 0.4 2.0 -1.0 2.0 0.006 8.147 8.985 361.322 229.509 171.361 100.0 1070.026 284.096 6.031 13.872 28.752 23.722 7.75 0.786 4.17 14.023 1.103 3.527 27.19
-1.0 0.1 2.0 -4.0 2.0 0.006 8.147 13.249 0.013 150.994 14.257 100.0 16.368 299.024 47.506 13.753 42.693 32.015 7.971 2.168 9.906 14.663 2.62 8.378 28.796
-1.0 0.25 2.0 -4.0 2.0 0.006 8.147 13.058 0.013 146.389 13.616 100.0 15.068 299.639 46.332 13.927 46.451 31.79 7.953 2.233 10.497 14.64 2.777 8.879 28.799
-1.0 0.4 2.0 -4.0 2.0 0.006 8.147 12.666 0.013 139.466 12.72 100.0 13.351 300.474 44.565 14.12 51.273 31.387 7.931 2.32 11.292 14.614 2.987 9.55 28.825
-1.0 0.1 2.0 -3.5 2.0 0.006 8.147 16.42 0.603 220.484 58.054 100.0 643.316 298.137 26.521 0.727 62.94 25.679 7.492 0.877 3.505 14.399 1.625 2.965 27.245
-1.0 0.25 2.0 -3.5 2.0 0.006 8.147 16.088 0.565 212.241 54.961 100.0 605.212 299.494 26.868 0.774 66.332 25.502 7.464 1.017 4.544 14.374 1.841 3.843 27.271
-1.0 0.4 2.0 -3.5 2.0 0.006 8.147 15.369 0.517 199.898 50.7 100.0 555.621 301.102 27.605 0.874 70.46 25.165 7.424 1.233 6.046 14.348 2.146 5.114 27.261
-1.0 0.1 2.0 -3.0 2.0 0.006 8.147 18.7 15.337 279.007 189.473 100.0 193.691 299.169 45.911 3.536 78.058 21.284 7.757 1.488 6.141 14.085 0.927 5.194 28.077
-1.0 0.25 2.0 -3.0 2.0 0.006 8.147 18.145 14.642 266.756 180.242 100.0 179.15 300.143 45.141 3.627 79.883 21.069 7.734 1.583 6.96 14.06 1.202 5.886 28.088
-1.0 0.4 2.0 -3.0 2.0 0.006 8.147 17.256 13.698 250.748 167.966 100.0 160.207 301.354 43.885 3.747 82.536 20.755 7.709 1.722 8.112 14.016 1.599 6.861 28.13
-1.0 0.1 2.0 -2.0 2.0 0.006 8.147 12.975 321.359 387.632 391.904 100.0 895.814 289.921 6.044 0.038 36.11 16.897 7.19 0.3 1.37 13.621 0.362 1.158 25.992
-1.0 0.25 2.0 -2.0 2.0 0.006 8.147 12.288 302.615 358.649 370.266 100.0 825.275 292.892 7.983 0.215 37.546 16.495 7.111 0.528 2.688 13.583 0.711 2.274 26.057
-1.0 0.4 2.0 -2.0 2.0 0.006 8.147 11.424 277.433 323.327 340.441 100.0 734.624 296.559 10.55 2.848 39.64 15.988 7.012 0.776 4.128 13.528 1.092 3.492 26.106
-1.0 0.1 2.0 -1.0 2.0 0.006 8.147 4.619 417.517 555.332 161.391 100.0 409.45 290.294 3.299 2.633 12.601 7.892 6.179 0.3 1.603 12.566 0.424 1.356 23.611
-1.0 0.25 2.0 -1.0 2.0 0.006 8.147 4.197 325.278 457.912 132.569 100.0 335.201 295.414 6.799 13.598 22.055 8.494 6.083 0.701 3.864 12.556 1.022 3.268 23.849
-1.0 0.4 2.0 -1.0 2.0 0.006 8.147 3.809 240.165 372.018 104.813 100.0 267.183 300.29 10.309 25.205 33.576 8.958 5.964 1.09 6.113 12.489 1.617 5.17 23.888
-1.7 0.1 2.0 -4.0 2.0 0.008 8.272 16.665 0.005 38.538 11.532 100.0 20.459 282.533 67.458 7.868 26.872 31.525 8.704 1.724 5.244 15.495 1.387 4.436 30.501
-1.7 0.25 2.0 -4.0 2.0 0.008 8.272 17.957 0.006 44.796 12.038 100.0 20.986 283.508 67.534 8.129 28.218 31.584 8.673 1.798 5.754 15.46 1.522 4.866 30.466
-1.7 0.4 2.0 -4.0 2.0 0.008 8.272 18.438 0.008 52.245 12.556 100.0 21.354 284.889 67.222 8.481 30.592 31.623 8.624 1.919 6.614 15.404 1.75 5.594 30.397
-1.7 0.1 2.0 -3.5 2.0 0.008 8.272 20.455 0.137 54.555 34.293 100.0 514.504 280.838 35.775 0.417 50.452 30.238 8.592 0.963 1.307 15.349 0.713 1.106 29.88
-1.7 0.25 2.0 -3.5 2.0 0.008 8.272 21.705 0.166 64.055 36.983 100.0 548.39 281.983 36.03 0.437 52.762 29.878 8.523 1.089 2.248 15.291 0.895 1.901 29.711
-1.7 0.4 2.0 -3.5 2.0 0.008 8.272 21.607 0.203 75.16 39.961 100.0 581.505 283.381 36.643 0.477 57.108 29.418 8.436 1.272 3.593 15.208 1.198 3.039 29.498
-1.7 0.1 2.0 -3.0 2.0 0.008 8.272 22.953 1.994 62.091 68.802 100.0 166.877 281.572 61.611 2.015 72.006 29.584 8.636 1.377 2.696 15.241 0.346 2.281 30.143
-1.7 0.25 2.0 -3.0 2.0 0.008 8.272 23.218 2.498 74.649 79.67 100.0 174.869 282.855 61.634 2.079 76.399 29.0 8.588 1.465 3.382 15.148 0.595 2.861 30.065
-1.7 0.4 2.0 -3.0 2.0 0.008 8.272 22.668 3.215 89.363 92.897 100.0 182.484 284.403 61.559 2.182 82.7 28.253 8.519 1.616 4.528 15.037 0.95 3.83 29.933
-1.7 0.1 2.0 -2.0 2.0 0.008 8.272 21.289 41.909 80.201 137.454 100.0 1024.544 278.558 7.325 0.019 62.535 29.663 8.484 0.291 0.631 15.016 0.167 0.534 29.267
-1.7 0.25 2.0 -2.0 2.0 0.008 8.272 20.339 60.977 99.356 174.851 100.0 1111.616 279.451 8.575 0.033 65.322 28.78 8.388 0.482 1.765 14.879 0.467 1.493 28.992
-1.7 0.4 2.0 -2.0 2.0 0.008 8.272 19.032 87.89 121.157 219.936 100.0 1178.253 281.13 10.666 0.14 67.444 27.521 8.265 0.699 3.05 14.72 0.807 2.58 28.691
-1.7 0.1 2.0 -1.0 2.0 0.008 8.272 11.814 187.937 182.921 127.129 100.0 1353.153 276.273 2.873 0.235 24.867 28.883 8.26 0.221 1.018 14.62 0.269 0.861 28.205
-1.7 0.25 2.0 -1.0 2.0 0.008 8.272 10.527 299.539 221.089 164.773 100.0 1371.607 279.206 5.889 9.68 30.488 26.155 8.059 0.616 3.178 14.359 0.841 2.688 27.766
-1.7 0.4 2.0 -1.0 2.0 0.008 8.272 8.964 390.965 251.369 196.086 100.0 1242.845 284.254 10.392 23.889 38.629 22.703 7.791 1.055 5.62 14.074 1.487 4.753 27.323
-1.0 0.1 2.0 -4.0 2.0 0.008 8.272 14.596 0.016 152.703 17.827 100.0 21.143 297.648 74.133 18.294 55.196 32.348 8.032 2.795 12.793 14.728 3.384 10.821 28.938
-1.0 0.25 2.0 -4.0 2.0 0.008 8.272 14.38 0.016 148.443 17.102 100.0 19.535 298.276 72.468 18.56 59.952 32.162 8.012 2.87 13.509 14.703 3.574 11.426 28.931
-1.0 0.4 2.0 -4.0 2.0 0.008 8.272 13.973 0.016 142.074 16.077 100.0 17.405 299.125 69.971 18.883 66.13 31.819 7.987 2.972 14.478 14.672 3.83 12.246 28.938
-1.0 0.1 2.0 -3.5 2.0 0.008 8.272 18.268 0.694 223.083 70.173 100.0 819.449 295.873 41.943 0.992 82.02 25.976 7.639 1.139 4.567 14.487 2.108 3.863 27.54
-1.0 0.25 2.0 -3.5 2.0 0.008 8.272 17.921 0.659 215.477 66.979 100.0 773.876 297.297 42.592 1.064 86.508 25.824 7.602 1.302 5.83 14.457 2.369 4.931 27.539
-1.0 0.4 2.0 -3.5 2.0 0.008 8.272 17.219 0.602 203.76 62.126 100.0 712.797 299.05 43.733 1.216 91.998 25.526 7.554 1.555 7.647 14.421 2.743 6.468 27.515
-1.0 0.1 2.0 -3.0 2.0 0.008 8.272 20.757 17.312 284.966 224.192 100.0 245.364 297.427 71.772 4.744 102.522 21.6 7.847 1.926 7.968 14.22 1.208 6.739 28.269
-1.0 0.25 2.0 -3.0 2.0 0.008 8.272 20.231 16.593 273.366 214.439 100.0 228.888 298.391 70.711 4.877 105.094 21.4 7.82 2.035 8.954 14.185 1.542 7.573 28.262
-1.0 0.4 2.0 -3.0 2.0 0.008 8.272 19.35 15.613 257.371 201.047 100.0 204.699 299.706 69.068 5.071 108.5 21.095 7.787 2.199 10.369 14.134 2.023 8.77 28.274
-1.0 0.1 2.0 -2.0 2.0 0.008 8.272 13.743 365.176 407.727 452.115 100.0 1102.563 288.432 9.906 0.063 47.67 16.625 7.362 0.384 1.788 13.782 0.473 1.513 26.369
-1.0 0.25 2.0 -2.0 2.0 0.008 8.272 13.129 347.252 378.356 431.624 100.0 1020.936 291.476 12.996 0.46 49.583 16.271 7.27 0.663 3.425 13.725 0.906 2.897 26.382
-1.0 0.4 2.0 -2.0 2.0 0.008 8.272 12.328 321.419 341.614 401.045 100.0 912.289 295.331 17.103 6.119 52.368 15.808 7.155 0.985 5.322 13.649 1.408 4.502 26.379
-1.0 0.1 2.0 -1.0 2.0 0.008 8.272 4.902 458.567 573.528 198.081 100.0 446.054 291.383 5.861 4.941 16.807 7.101 6.223 0.392 2.155 12.632 0.57 1.823 23.776
-1.0 0.25 2.0 -1.0 2.0 0.008 8.272 4.584 358.885 468.011 163.522 100.0 361.736 296.804 11.545 22.76 29.067 7.929 6.119 0.913 5.107 12.614 1.351 4.32 24.002
-1.0 0.4 2.0 -1.0 2.0 0.008 8.272 4.279 266.785 375.372 130.014 100.0 284.252 301.86 17.074 40.452 43.819 8.556 5.984 1.414 8.012 12.532 2.12 6.777 24.013
-1.7 0.1 2.0 -4.0 2.0 0.01 8.369 17.421 0.005 38.471 12.167 100.0 23.482 281.934 93.132 9.574 32.092 31.524 8.749 2.1 6.533 15.557 1.728 5.526 30.645
-1.7 0.25 2.0 -4.0 2.0 0.01 8.369 18.533 0.007 44.832 12.813 100.0 24.209 282.792 93.628 9.928 33.755 31.626 8.72 2.185 7.102 15.523 1.879 6.007 30.605
-1.7 0.4 2.0 -4.0 2.0 0.01 8.369 19.035 0.008 52.442 13.523 100.0 24.789 284.059 93.665 10.396 36.556 31.725 8.673 2.319 8.048 15.469 2.129 6.807 30.536
-1.7 0.1 2.0 -3.5 2.0 0.01 8.369 21.109 0.137 54.677 34.216 100.0 558.086 280.363 49.104 0.506 59.343 30.172 8.66 1.151 1.596 15.43 0.891 1.35 30.128
-1.7 0.25 2.0 -3.5 2.0 0.01 8.369 22.357 0.165 64.319 37.294 100.0 600.806 281.332 49.699 0.533 62.168 29.868 8.596 1.29 2.646 15.374 1.086 2.238 29.957
-1.7 0.4 2.0 -3.5 2.0 0.01 8.369 22.331 0.204 75.673 40.912 100.0 645.448 282.523 50.881 0.584 67.434 29.478 8.513 1.499 4.187 15.292 1.425 3.541 29.734
-1.7 0.1 2.0 -3.0 2.0 0.01 8.369 23.716 1.95 62.557 64.454 100.0 185.861 280.997 84.429 2.446 83.226 29.419 8.692 1.665 3.368 15.348 0.422 2.849 30.33
-1.7 0.25 2.0 -3.0 2.0 0.01 8.369 23.982 2.419 75.332 75.679 100.0 196.035 282.13 84.847 2.53 88.741 28.9 8.648 1.758 4.105 15.256 0.7 3.472 30.255
-1.7 0.4 2.0 -3.0 2.0 0.01 8.369 23.471 3.103 90.405 90.076 100.0 206.339 283.524 85.259 2.667 96.878 28.228 8.582 1.927 5.386 15.143 1.108 4.555 30.118
-1.7 0.1 2.0 -2.0 2.0 0.01 8.369 22.239 38.091 83.034 130.422 100.0 1112.128 278.299 10.46 0.025 72.654 29.334 8.557 0.351 0.742 15.137 0.196 0.628 29.542
-1.7 0.25 2.0 -2.0 2.0 0.01 8.369 21.211 56.706 102.974 169.167 100.0 1221.735 279.05 12.228 0.046 76.61 28.484 8.462 0.57 2.061 14.993 0.545 1.744 29.25
-1.7 0.4 2.0 -2.0 2.0 0.01 8.369 19.856 84.416 125.883 218.22 100.0 1313.255 280.535 15.245 0.226 79.965 27.269 8.34 0.821 3.571 14.825 0.945 3.02 28.923
-1.7 0.1 2.0 -1.0 2.0 0.01 8.369 12.119 191.911 199.034 134.804 100.0 1507.63 276.073 4.407 0.567 31.044 28.269 8.309 0.281 1.287 14.694 0.34 1.089 28.373
-1.7 0.25 2.0 -1.0 2.0 0.01 8.369 10.713 312.241 239.145 178.189 100.0 1534.632 279.081 9.081 14.847 38.227 25.414 8.099 0.775 4.019 14.413 1.063 3.399 27.896
-1.7 0.4 2.0 -1.0 2.0 0.01 8.369 9.091 412.74 269.062 216.035 100.0 1383.559 284.357 15.975 35.221 48.264 21.887 7.821 1.317 7.062 14.111 1.868 5.973 27.42
-1.0 0.1 2.0 -4.0 2.0 0.01 8.369 15.762 0.018 154.231 20.837 100.0 25.546 296.35 105.6 22.772 67.002 32.647 8.09 3.392 15.561 14.789 4.117 13.162 29.072
-1.0 0.25 2.0 -4.0 2.0 0.01 8.369 15.533 0.018 150.195 20.053 100.0 23.669 296.989 103.36 23.125 72.613 32.489 8.069 3.472 16.373 14.764 4.331 13.848 29.063
-1.0 0.4 2.0 -4.0 2.0 0.01 8.369 15.13 0.018 144.189 18.973 100.0 21.201 297.865 100.077 23.578 80.004 32.186 8.041 3.583 17.488 14.73 4.626 14.791 29.058
-1.0 0.1 2.0 -3.5 2.0 0.01 8.369 19.804 0.745 225.263 79.247 100.0 974.182 293.834 60.394 1.266 100.11 26.238 7.768 1.387 5.594 14.57 2.575 4.731 27.808
-1.0 0.25 2.0 -3.5 2.0 0.01 8.369 19.462 0.712 218.028 76.006 100.0 924.501 295.283 61.376 1.365 105.594 26.104 7.726 1.569 7.046 14.536 2.874 5.959 27.785
-1.0 0.4 2.0 -3.5 2.0 0.01 8.369 18.777 0.662 206.962 71.162 100.0 854.883 297.131 62.996 1.576 112.363 25.828 7.67 1.851 9.137 14.496 3.301 7.728 27.747
-1.0 0.1 2.0 -3.0 2.0 0.01 8.369 22.384 18.189 289.925 247.299 100.0 290.503 295.822 102.34 5.956 125.733 21.857 7.93 2.344 9.733 14.341 1.48 8.232 28.45
-1.0 0.25 2.0 -3.0 2.0 0.01 8.369 21.909 17.588 278.765 238.333 100.0 271.878 296.816 101.004 6.136 129.11 21.675 7.9 2.463 10.863 14.299 1.864 9.188 28.433
-1.0 0.4 2.0 -3.0 2.0 0.01 8.369 21.071 16.669 262.879 225.012 100.0 245.817 298.125 98.792 6.391 133.336 21.379 7.863 2.641 12.477 14.242 2.417 10.553 28.429
-1.0 0.1 2.0 -2.0 2.0 0.01 8.369 14.467 395.64 424.707 496.825 100.0 1283.801 287.153 14.717 0.096 59.079 16.37 7.5 0.463 2.2 13.911 0.582 1.861 26.67
-1.0 0.25 2.0 -2.0 2.0 0.01 8.369 13.914 379.277 394.778 478.302 100.0 1193.282 290.256 19.189 0.867 61.471 16.057 7.4 0.791 4.156 13.841 1.099 3.515 26.649
-1.0 0.4 2.0 -2.0 2.0 0.01 8.369 13.155 353.709 356.296 448.074 100.0 1068.806 294.28 25.129 10.021 64.8 15.643 7.275 1.178 6.46 13.754 1.709 5.464 26.623
-1.0 0.1 2.0 -1.0 2.0 0.01 8.369 5.317 490.881 586.105 230.874 100.0 480.502 292.16 9.264 7.598 21.083 6.633 6.28 0.477 2.706 12.703 0.716 2.289 23.957
-1.0 0.25 2.0 -1.0 2.0 0.01 8.369 5.071 386.567 475.132 191.84 100.0 388.041 297.763 17.55 33.08 35.936 7.621 6.169 1.117 6.338 12.675 1.677 5.361 24.164
-1.0 0.4 2.0 -1.0 2.0 0.01 8.369 4.821 289.865 377.658 153.843 100.0 302.949 303.046 25.442 56.174 53.653 8.369 6.022 1.725 9.872 12.583 2.612 8.35 24.153
-1.7 0.1 2.0 -4.0 2.0 0.014 8.515 18.463 0.005 38.235 12.029 100.0 27.542 281.111 150.261 12.608 40.817 31.477 8.827 2.784 9.088 15.674 2.404 7.687 30.922
-1.7 0.25 2.0 -4.0 2.0 0.014 8.515 19.324 0.006 44.727 12.895 100.0 28.671 281.777 152.221 13.164 43.124 31.633 8.8 2.891 9.753 15.639 2.58 8.249 30.871
-1.7 0.4 2.0 -4.0 2.0 0.014 8.515 19.836 0.008 52.577 13.895 100.0 29.688 282.831 153.597 13.879 46.73 31.817 8.757 3.048 10.827 15.588 2.864 9.158 30.799
-1.7 0.1 2.0 -3.5 2.0 0.014 8.515 22.177 0.131 54.716 30.855 100.0 597.267 279.921 78.587 0.668 73.521 29.981 8.768 1.484 2.171 15.575 1.251 1.836 30.557
-1.7 0.25 2.0 -3.5 2.0 0.014 8.515 23.34 0.157 64.544 34.209 100.0 652.478 280.647 80.148 0.707 77.311 29.763 8.71 1.636 3.358 15.522 1.461 2.84 30.382
-1.7 0.4 2.0 -3.5 2.0 0.014 8.515 23.384 0.192 76.189 38.411 100.0 714.407 281.523 82.852 0.782 84.104 29.475 8.633 1.883 5.208 15.443 1.849 4.405 30.148
-1.7 0.1 2.0 -3.0 2.0 0.014 8.515 25.155 1.86 63.182 52.857 100.0 207.166 280.348 134.547 3.215 100.353 29.066 8.783 2.179 4.73 15.529 0.574 4.001 30.671
-1.7 0.25 2.0 -3.0 2.0 0.014 8.515 25.364 2.234 76.224 63.218 100.0 220.771 281.23 136.271 3.344 107.766 28.633 8.745 2.281 5.525 15.439 0.888 4.673 30.595
-1.7 0.4 2.0 -3.0 2.0 0.014 8.515 24.827 2.783 91.72 77.331 100.0 235.392 282.387 138.192 3.545 119.089 28.071 8.686 2.474 6.989 15.325 1.378 5.911 30.459
-1.7 0.1 2.0 -2.0 2.0 0.014 8.515 24.229 31.284 87.834 112.69 100.0 1212.924 278.122 17.987 0.038 89.209 28.754 8.669 0.459 0.938 15.329 0.248 0.793 29.992
-1.7 0.25 2.0 -2.0 2.0 0.014 8.515 23.042 47.906 108.96 151.297 100.0 1359.962 278.674 20.991 0.077 95.571 27.938 8.573 0.725 2.58 15.175 0.683 2.182 29.672
-1.7 0.4 2.0 -2.0 2.0 0.014 8.515 21.541 74.86 133.543 203.792 100.0 1498.15 279.827 26.315 0.484 101.737 26.786 8.451 1.041 4.531 14.991 1.199 3.832 29.295
-1.7 0.1 2.0 -1.0 2.0 0.014 8.515 12.997 198.343 225.714 142.831 100.0 1736.164 275.839 8.482 1.641 42.859 27.228 8.382 0.398 1.82 14.808 0.481 1.539 28.639
-1.7 0.25 2.0 -1.0 2.0 0.014 8.515 11.322 330.674 268.327 196.71 100.0 1784.02 278.924 17.614 26.438 53.106 24.204 8.156 1.087 5.692 14.494 1.506 4.814 28.089
-1.7 0.4 2.0 -1.0 2.0 0.014 8.515 9.574 442.811 296.512 246.315 100.0 1599.275 284.461 30.757 59.553 66.678 20.62 7.863 1.827 9.937 14.163 2.629 8.404 27.558
-1.0 0.1 2.0 -4.0 2.0 0.014 8.515 17.603 0.021 156.753 25.237 100.0 33.308 293.948 181.456 31.401 88.562 33.152 8.199 4.497 20.768 14.908 5.494 17.565 29.334
-1.0 0.25 2.0 -4.0 2.0 0.014 8.515 17.369 0.02 153.099 24.424 100.0 30.992 294.595 178.046 31.95 95.656 33.04 8.177 4.583 21.741 14.881 5.751 18.388 29.318
-1.0 0.4 2.0 -4.0 2.0 0.014 8.515 16.97 0.02 147.649 23.269 100.0 27.921 295.481 172.971 32.672 105.046 32.803 8.146 4.703 23.08 14.844 6.106 19.521 29.302
-1.0 0.1 2.0 -3.5 2.0 0.014 8.515 22.064 0.771 228.842 89.691 100.0 1225.353 290.413 105.343 1.828 133.163 26.656 7.98 1.843 7.532 14.723 3.457 6.37 28.268
-1.0 0.25 2.0 -3.5 2.0 0.014 8.515 21.764 0.742 222.153 86.715 100.0 1170.32 291.878 107.38 1.991 140.484 26.555 7.93 2.054 9.311 14.685 3.819 7.875 28.217
-1.0 0.4 2.0 -3.5 2.0 0.014 8.515 21.159 0.699 211.941 82.13 100.0 1089.431 293.866 110.21 2.334 149.693 26.324 7.865 2.38 11.862 14.635 4.341 10.033 28.159
-1.0 0.1 2.0 -3.0 2.0 0.014 8.515 24.699 17.921 297.253 268.146 100.0 364.878 292.963 175.659 8.329 168.166 22.237 8.079 3.117 13.068 14.548 1.992 11.053 28.79
-1.0 0.25 2.0 -3.0 2.0 0.014 8.515 24.348 17.469 286.941 261.065 100.0 342.94 293.971 173.894 8.61 173.279 22.083 8.045 3.248 14.438 14.497 2.463 12.211 28.758
-1.0 0.4 2.0 -3.0 2.0 0.014 8.515 23.63 16.775 271.22 249.721 100.0 312.462 295.312 170.83 9.024 179.183 21.806 8.001 3.448 16.408 14.43 3.138 13.878 28.725
-1.0 0.1 2.0 -2.0 2.0 0.014 8.515 15.807 430.664 451.68 554.251 100.0 1584.339 285.114 27.171 0.188 81.329 15.912 7.708 0.607 3.01 14.113 0.796 2.546 27.137
-1.0 0.25 2.0 -2.0 2.0 0.014 8.515 15.355 418.299 420.602 541.038 100.0 1482.529 288.262 35.07 2.386 84.702 15.676 7.599 1.029 5.6 14.027 1.482 4.737 27.073
-1.0 0.4 2.0 -2.0 2.0 0.014 8.515 14.695 396.32 380.604 515.299 100.0 1337.887 292.396 45.559 18.859 89.075 15.348 7.462 1.533 8.654 13.918 2.289 7.32 26.995
-1.0 0.1 2.0 -1.0 2.0 0.014 8.515 6.364 542.039 603.246 287.301 100.0 548.001 293.085 18.811 13.495 30.054 6.144 6.398 0.637 3.816 12.836 1.009 3.227 24.293
-1.0 0.25 2.0 -1.0 2.0 0.014 8.515 6.21 431.843 484.396 242.03 100.0 441.899 298.936 33.371 55.629 49.413 7.347 6.272 1.506 8.789 12.788 2.325 7.434 24.458
-1.0 0.4 2.0 -1.0 2.0 0.014 8.515 6.008 329.274 380.743 197.374 100.0 343.719 304.483 46.95 97.463 72.32 8.251 6.107 2.325 13.564 12.675 3.588 11.473 24.4
-1.7 0.1 2.0 -4.0 2.0 0.02 8.67 19.375 0.005 40.888 10.202 100.0 30.521 280.321 245.439 16.64 50.11 38.715 8.92 3.624 12.426 15.823 3.287 10.51 31.279
-1.7 0.25 2.0 -4.0 2.0 0.02 8.67 20.162 0.006 48.14 11.242 100.0 32.249 280.782 250.942 17.511 53.154 38.959 8.895 3.764 13.209 15.787 3.494 11.172 31.219
-1.7 0.4 2.0 -4.0 2.0 0.02 8.67 20.699 0.007 57.056 12.534 100.0 34.054 281.556 256.183 18.648 57.747 39.26 8.857 3.969 14.477 15.735 3.83 12.245 31.136
-1.7 0.1 2.0 -3.5 2.0 0.02 8.67 23.592 0.12 57.223 24.046 100.0 608.049 279.621 127.904 0.919 88.678 37.376 8.889 1.921 2.926 15.751 1.733 2.475 31.071
-1.7 0.25 2.0 -3.5 2.0 0.02 8.67 24.753 0.142 68.039 27.564 100.0 680.681 280.105 131.749 0.976 93.801 37.195 8.835 2.097 4.249 15.699 1.958 3.594 30.886
-1.7 0.4 2.0 -3.5 2.0 0.02 8.67 24.874 0.173 81.063 32.165 100.0 766.516 280.656 137.66 1.084 102.5 36.959 8.762 2.4 6.444 15.619 2.402 5.45 30.634
-1.7 0.1 2.0 -3.0 2.0 0.02 8.67 27.521 1.759 65.783 37.844 100.0 218.174 279.771 217.343 4.314 118.587 36.447 8.891 2.824 6.551 15.74 0.774 5.541 31.095
-1.7 0.25 2.0 -3.0 2.0 0.02 8.67 27.744 2.056 79.926 47.048 100.0 237.019 280.381 222.492 4.52 128.317 36.037 8.857 2.947 7.4 15.65 1.124 6.259 31.012
-1.7 0.4 2.0 -3.0 2.0 0.02 8.67 27.17 2.489 96.938 60.274 100.0 258.711 281.225 228.367 4.829 143.35 35.5 8.802 3.183 9.079 15.533 1.705 7.679 30.866
-1.7 0.1 2.0 -2.0 2.0 0.02 8.67 27.877 25.984 95.725 89.264 100.0 1279.454 278.203 31.233 0.061 109.082 36.107 8.793 0.615 1.163 15.554 0.308 0.983 30.536
-1.7 0.25 2.0 -2.0 2.0 0.02 8.67 26.508 41.274 119.461 129.069 100.0 1488.238 278.492 36.32 0.124 118.9 35.268 8.696 0.941 3.183 15.388 0.842 2.692 30.177
-1.7 0.4 2.0 -2.0 2.0 0.02 8.67 24.819 68.372 147.488 187.59 100.0 1705.267 279.273 45.658 0.986 129.352 34.069 8.572 1.358 5.762 15.186 1.524 4.874 29.747
-1.7 0.1 2.0 -1.0 2.0 0.02 8.67 15.327 219.106 265.676 148.153 100.0 2052.477 275.733 16.081 3.082 59.177 34.38 8.472 0.554 2.486 14.959 0.658 2.102 28.999
-1.7 0.25 2.0 -1.0 2.0 0.02 8.67 13.249 377.952 316.731 221.081 100.0 2206.337 278.531 33.106 39.256 73.649 30.845 8.236 1.528 7.997 14.612 2.116 6.764 28.366
-1.7 0.4 2.0 -1.0 2.0 0.02 8.67 11.231 519.776 349.909 295.248 100.0 2061.268 283.904 57.823 86.168 92.344 26.566 7.941 2.604 14.211 14.257 3.759 12.019 27.78
-1.0 0.1 2.0 -4.0 2.0 0.02 8.67 19.957 0.023 177.395 29.938 100.0 46.219 290.758 325.934 44.106 112.827 41.339 8.335 5.969 27.257 15.057 7.211 23.054 29.647
-1.0 0.25 2.0 -4.0 2.0 0.02 8.67 19.767 0.023 173.842 29.197 100.0 43.27 291.429 320.831 45.008 121.429 41.205 8.309 6.076 28.492 15.025 7.537 24.098 29.618
-1.0 0.4 2.0 -4.0 2.0 0.02 8.67 19.428 0.023 168.373 28.117 100.0 39.294 292.388 312.915 46.185 132.877 40.923 8.274 6.221 30.183 14.983 7.985 25.529 29.588
-1.0 0.1 2.0 -3.5 2.0 0.02 8.67 25.298 0.839 255.939 103.459 100.0 1625.578 286.227 185.577 2.59 174.223 34.297 8.204 2.502 9.608 14.91 4.452 8.126 28.765
-1.0 0.25 2.0 -3.5 2.0 0.02 8.67 25.115 0.823 249.581 101.434 100.0 1571.791 287.654 189.478 2.844 183.539 34.125 8.149 2.761 11.854 14.866 4.909 10.026 28.688
-1.0 0.4 2.0 -3.5 2.0 0.02 8.67 24.666 0.791 239.544 97.771 100.0 1480.014 289.75 194.925 3.392 195.338 33.784 8.074 3.162 15.109 14.807 5.569 12.78 28.605
-1.0 0.1 2.0 -3.0 2.0 0.02 8.67 28.389 18.418 329.596 301.53 100.0 500.423 289.146 310.781 11.594 223.506 29.852 8.257 4.166 16.83 14.778 2.542 14.235 29.189
-1.0 0.25 2.0 -3.0 2.0 0.02 8.67 28.239 18.377 319.827 299.45 100.0 475.724 290.166 308.84 12.036 230.621 29.579 8.219 4.325 18.557 14.718 3.136 15.696 29.138
-1.0 0.4 2.0 -3.0 2.0 0.02 8.67 27.728 18.005 303.933 292.39 100.0 439.392 291.571 305.004 12.693 238.406 29.099 8.167 4.57 21.053 14.639 3.997 17.807 29.078
-1.0 0.1 2.0 -2.0 2.0 0.02 8.67 18.847 521.4 521.9 677.049 100.0 2185.632 282.34 49.429 0.329 115.292 22.31 7.929 0.849 3.925 14.343 1.038 3.319 27.661
-1.0 0.25 2.0 -2.0 2.0 0.02 8.67 18.487 514.583 488.383 677.491 100.0 2083.823 285.403 63.406 5.175 119.688 21.858 7.814 1.434 7.557 14.237 1.999 6.392 27.553
-1.0 0.4 2.0 -2.0 2.0 0.02 8.67 17.953 497.189 443.888 664.704 100.0 1921.161 289.577 82.449 29.719 125.071 21.248 7.663 2.135 11.846 14.103 3.134 10.019 27.415
-1.0 0.1 2.0 -1.0 2.0 0.02 8.67 8.449 755.474 743.272 429.849 100.0 868.438 291.906 36.332 21.464 44.725 8.884 6.563 0.949 5.622 12.988 1.487 4.755 24.673
-1.0 0.25 2.0 -1.0 2.0 0.02 8.67 8.441 601.875 588.475 366.711 100.0 704.769 298.217 64.184 85.427 70.68 10.314 6.413 2.249 13.135 12.909 3.475 11.11 24.775
-1.0 0.4 2.0 -1.0 2.0 0.02 8.67 8.379 459.025 454.703 302.364 100.0 550.042 304.223 89.569 148.787 100.736 11.362 6.226 3.427 20.052 12.771 5.305 16.96 24.668
-1.7 0.1 2.0 -4.0 2.0 0.04 8.971 22.032 0.004 38.982 3.971 100.0 27.83 281.007 541.293 22.614 63.314 38.039 9.127 5.5 22.812 16.226 6.035 19.295 32.313
-1.7 0.25 2.0 -4.0 2.0 0.04 8.971 22.355 0.005 46.124 4.576 100.0 29.832 281.083 563.25 24.206 67.978 38.383 9.108 5.723 23.941 16.191 6.334 20.249 32.24
-1.7 0.4 2.0 -4.0 2.0 0.04 8.971 22.575 0.006 55.176 5.43 100.0 32.234 281.312 589.401 26.37 74.822 38.851 9.079 6.03 25.631 16.143 6.781 21.679 32.145
-1.7 0.1 2.0 -3.5 2.0 0.04 8.971 28.352 0.126 56.106 8.099 100.0 444.237 281.048 281.53 1.334 107.155 36.317 9.142 2.812 5.715 16.198 3.446 4.833 32.375
-1.7 0.25 2.0 -3.5 2.0 0.04 8.971 29.012 0.142 66.91 9.673 100.0 518.78 281.181 296.926 1.442 114.716 36.273 9.094 2.986 6.985 16.151 3.67 5.908 32.178
-1.7 0.4 2.0 -3.5 2.0 0.04 8.971 28.991 0.162 80.12 11.961 100.0 613.761 281.296 319.013 1.642 126.581 36.237 9.026 3.344 9.656 16.076 4.147 8.167 31.897
-1.7 0.1 2.0 -3.0 2.0 0.04 8.971 34.862 1.89 66.631 10.971 100.0 179.164 280.85 472.807 5.975 135.172 35.091 9.117 4.214 13.024 16.253 1.512 11.016 32.228
-1.7 0.25 2.0 -3.0 2.0 0.04 8.971 35.014 2.071 80.928 14.156 100.0 198.418 281.033 493.955 6.379 148.902 34.796 9.091 4.366 13.872 16.163 1.848 11.733 32.138
-1.7 0.4 2.0 -3.0 2.0 0.04 8.971 34.231 2.26 98.362 19.164 100.0 222.663 281.383 519.867 6.964 170.967 34.412 9.046 4.641 15.676 16.041 2.554 13.259 31.989
-1.7 0.1 2.0 -2.0 2.0 0.04 8.971 38.901 16.185 108.86 36.013 100.0 1076.449 279.812 84.815 0.14 136.552 34.264 9.041 0.982 1.834 16.058 0.485 1.551 31.804
-1.7 0.25 2.0 -2.0 2.0 0.04 8.971 36.772 22.617 135.836 60.337 100.0 1375.023 279.629 99.892 0.302 157.591 33.413 8.929 1.413 4.768 15.846 1.261 4.032 31.317
-1.7 0.4 2.0 -2.0 2.0 0.04 8.971 34.136 37.895 168.201 103.69 100.0 1726.605 279.635 130.557 4.581 183.231 32.244 8.79 2.081 9.202 15.591 2.434 7.783 30.728
-1.7 0.1 2.0 -1.0 2.0 0.04 8.971 21.974 242.077 335.988 126.629 100.0 2289.08 276.354 56.46 9.617 99.687 31.251 8.617 1.018 4.624 15.239 1.223 3.911 29.694
-1.7 0.25 2.0 -1.0 2.0 0.04 8.971 18.05 422.41 389.753 225.871 100.0 2620.792 278.617 122.805 91.63 129.079 27.554 8.342 2.775 15.155 14.792 4.009 12.818 28.821
-1.7 0.4 2.0 -1.0 2.0 0.04 8.971 14.973 576.655 413.672 338.102 100.0 2525.178 283.597 215.624 194.838 162.697 23.592 8.028 4.737 27.176 14.365 7.189 22.985 28.074
-1.0 0.1 2.0 -4.0 2.0 0.04 8.971 21.279 0.015 181.471 23.098 100.0 55.637 284.758 912.877 74.638 169.767 42.735 8.681 9.621 46.978 15.508 12.428 39.733 30.698
-1.0 0.25 2.0 -4.0 2.0 0.04 8.971 21.171 0.015 178.874 23.05 100.0 52.789 285.316 904.895 76.49 181.81 42.721 8.655 9.718 48.508 15.474 12.833 41.028 30.659
-1.0 0.4 2.0 -4.0 2.0 0.04 8.971 20.976 0.016 174.726 22.903 100.0 48.833 286.126 891.518 79.045 198.016 42.616 8.619 9.85 50.634 15.426 13.395 42.826 30.608
-1.0 0.1 2.0 -3.5 2.0 0.04 8.971 27.366 0.422 259.642 63.857 100.0 1805.132 281.224 538.827 5.114 258.948 34.937 8.615 3.983 16.653 15.406 7.821 14.085 30.026
-1.0 0.25 2.0 -3.5 2.0 0.04 8.971 27.278 0.42 254.71 64.464 100.0 1779.131 282.2 555.89 5.75 274.505 34.895 8.565 4.28 19.76 15.357 8.431 16.713 29.918
-1.0 0.4 2.0 -3.5 2.0 0.04 8.971 27.056 0.414 246.659 64.875 100.0 1697.602 284.248 568.551 7.004 294.968 34.722 8.496 4.686 23.928 15.287 9.319 20.239 29.89
-1.0 0.1 2.0 -3.0 2.0 0.04 8.971 31.771 7.454 338.201 165.717 100.0 541.793 283.532 865.09 20.716 332.375 29.856 8.638 6.685 29.563 15.32 4.405 25.004 30.343
-1.0 0.25 2.0 -3.0 2.0 0.04 8.971 31.683 7.646 330.76 171.094 100.0 522.218 284.279 867.645 21.698 348.039 29.733 8.601 6.85 31.868 15.252 5.227 26.954 30.275
-1.0 0.4 2.0 -3.0 2.0 0.04 8.971 30.826 7.708 312.176 173.882 100.0 492.628 285.375 867.759 23.181 361.0 29.378 8.549 7.108 35.227 15.177 6.33 29.795 30.179
-1.0 0.1 2.0 -2.0 2.0 0.04 8.971 23.948 482.896 584.145 630.056 100.0 2821.04 278.911 172.004 1.459 202.327 20.578 8.3 1.359 7.37 14.774 1.95 6.234 28.653
-1.0 0.25 2.0 -2.0 2.0 0.04 8.971 23.668 497.028 549.652 660.88 100.0 2762.698 281.482 218.568 18.166 212.554 20.414 8.188 2.232 13.218 14.646 3.497 11.18 28.487
-1.0 0.4 2.0 -2.0 2.0 0.04 8.971 23.293 504.129 502.779 686.486 100.0 2630.07 285.148 282.321 68.105 223.405 20.158 8.037 3.344 20.38 14.48 5.392 17.238 28.273
-1.0 0.1 2.0 -1.0 2.0 0.04 8.971 13.489 899.904 783.23 581.67 100.0 1207.438 291.119 158.696 49.989 92.836 8.529 7.0 1.587 10.917 13.438 2.888 9.234 25.838
-1.0 0.25 2.0 -1.0 2.0 0.04 8.971 13.829 740.564 612.318 523.561 100.0 1000.369 297.498 245.08 195.249 131.155 10.422 6.801 3.993 25.135 13.276 6.649 21.259 25.75
-1.0 0.4 2.0 -1.0 2.0 0.04 8.971 14.088 589.522 465.669 460.46 100.0 802.96 303.641 323.8 350.175 176.048 11.828 6.563 6.187 38.112 13.06 10.082 32.235 25.457
-1.7 0.1 2.0 -4.0 2.0 0.06 9.147 25.068 0.005 37.188 1.364 100.0 21.479 282.58 745.696 23.309 63.542 37.497 9.264 6.377 29.816 16.523 7.888 25.218 33.108
-1.7 0.25 2.0 -4.0 2.0 0.06 9.147 25.223 0.005 44.073 1.621 100.0 23.236 282.544 783.437 25.194 68.698 37.875 9.247 6.656 31.244 16.489 8.266 26.427 33.03
-1.7 0.4 2.0 -4.0 2.0 0.06 9.147 25.263 0.006 52.941 2.003 100.0 25.448 282.586 830.812 27.802 76.24 38.393 9.221 7.03 33.288 16.441 8.806 28.155 32.926
-1.7 0.1 2.0 -3.5 2.0 0.06 9.147 33.393 0.14 54.615 2.63 100.0 262.886 283.083 377.224 1.432 104.382 35.558 9.32 3.135 7.966 16.521 4.762 6.738 33.416
-1.7 0.25 2.0 -3.5 2.0 0.06 9.147 33.799 0.157 65.19 3.26 100.0 323.945 283.007 407.134 1.575 113.109 35.562 9.27 3.332 9.124 16.472 5.012 7.717 33.189
-1.7 0.4 2.0 -3.5 2.0 0.06 9.147 33.712 0.177 78.179 4.197 100.0 405.827 282.915 448.279 1.828 125.79 35.604 9.2 3.727 11.933 16.401 5.507 10.093 32.873
-1.7 0.1 2.0 -3.0 2.0 0.06 9.147 42.077 1.981 66.467 3.476 100.0 126.819 282.505 644.741 6.277 121.757 34.17 9.265 4.841 18.001 16.643 2.107 15.225 33.083
-1.7 0.25 2.0 -3.0 2.0 0.06 9.147 42.311 2.169 80.632 4.538 100.0 143.118 282.508 684.141 6.794 137.525 33.929 9.24 5.033 18.947 16.545 2.414 16.026 32.979
-1.7 0.4 2.0 -3.0 2.0 0.06 9.147 41.519 2.344 97.95 6.324 100.0 163.535 282.679 731.456 7.524 162.47 33.615 9.2 5.334 20.816 16.412 3.157 17.606 32.832
-1.7 0.1 2.0 -2.0 2.0 0.06 9.147 50.003 14.534 116.206 15.863 100.0 729.178 281.833 129.469 0.195 132.837 33.063 9.221 1.188 2.374 16.45 0.628 2.008 32.841
-1.7 0.25 2.0 -2.0 2.0 0.06 9.147 47.31 16.804 145.199 28.66 100.0 1058.167 281.238 157.161 0.455 164.811 32.227 9.085 1.686 5.899 16.182 1.56 4.989 32.192
-1.7 0.4 2.0 -2.0 2.0 0.06 9.147 43.849 24.491 180.066 57.189 100.0 1479.464 280.751 214.875 8.05 205.079 31.091 8.928 2.517 11.648 15.878 3.082 9.852 31.46
-1.7 0.1 2.0 -1.0 2.0 0.06 9.147 29.251 256.507 373.821 107.458 100.0 2191.401 277.365 103.436 15.183 124.907 29.423 8.708 1.369 6.371 15.436 1.685 5.388 30.205
-1.7 0.25 2.0 -1.0 2.0 0.06 9.147 23.09 451.593 425.21 213.289 100.0 2679.382 279.101 240.747 132.871 168.513 25.723 8.404 3.719 21.073 14.913 5.575 17.824 29.149
-1.7 0.4 2.0 -1.0 2.0 0.06 9.147 18.58 611.812 441.184 341.743 100.0 2694.92 283.304 433.032 289.237 215.114 22.179 8.085 6.343 37.764 14.442 9.99 31.941 28.294
-1.0 0.1 2.0 -4.0 2.0 0.06 9.147 21.96 0.01 179.983 12.435 100.0 49.417 283.417 1455.851 88.449 189.695 43.225 8.874 11.693 61.265 15.832 16.207 51.818 31.507
-1.0 0.25 2.0 -4.0 2.0 0.06 9.147 21.814 0.01 178.053 12.604 100.0 47.214 283.831 1450.405 90.993 203.001 43.271 8.85 11.785 62.934 15.796 16.649 53.229 31.458
-1.0 0.4 2.0 -4.0 2.0 0.06 9.147 21.562 0.011 174.721 12.803 100.0 44.147 284.486 1437.958 94.443 220.809 43.259 8.815 11.895 65.177 15.745 17.242 55.126 31.398
-1.0 0.1 2.0 -3.5 2.0 0.06 9.147 29.724 0.278 256.076 31.397 100.0 1564.812 280.725 894.682 6.899 288.565 35.002 8.817 4.867 22.03 15.743 10.463 18.633 30.898
-1.0 0.25 2.0 -3.5 2.0 0.06 9.147 29.491 0.274 251.98 32.412 100.0 1564.732 281.372 933.626 7.922 307.511 35.02 8.769 5.177 25.686 15.692 11.154 21.725 30.768
-1.0 0.4 2.0 -3.5 2.0 0.06 9.147 29.062 0.267 244.809 33.598 100.0 1518.734 282.968 963.395 9.929 332.463 34.929 8.697 5.583 30.513 15.618 12.146 25.808 30.685
-1.0 0.1 2.0 -3.0 2.0 0.06 9.147 36.713 3.568 335.552 76.066 100.0 458.889 282.362 1392.795 25.782 372.092 29.503 8.84 8.146 39.549 15.67 5.828 33.451 31.18
-1.0 0.25 2.0 -3.0 2.0 0.06 9.147 36.349 3.624 328.87 81.234 100.0 446.132 282.888 1406.313 27.206 394.473 29.458 8.806 8.306 42.161 15.596 6.795 35.66 31.1
-1.0 0.4 2.0 -3.0 2.0 0.06 9.147 35.009 3.615 312.054 85.841 100.0 425.324 283.732 1417.521 29.338 414.656 29.166 8.755 8.546 45.913 15.503 8.072 38.834 30.995
-1.0 0.1 2.0 -2.0 2.0 0.06 9.147 28.958 412.78 607.704 519.038 100.0 2971.481 277.927 329.561 3.376 264.698 19.633 8.475 1.693 10.434 15.026 2.76 8.825 29.235
-1.0 0.25 2.0 -2.0 2.0 0.06 9.147 28.34 441.509 573.962 565.917 100.0 2979.58 279.967 420.842 29.222 281.346 19.621 8.367 2.716 17.696 14.882 4.681 14.967 29.029
-1.0 0.4 2.0 -2.0 2.0 0.06 9.147 27.621 467.354 527.197 615.576 100.0 2916.533 282.956 545.689 95.77 297.974 19.569 8.222 4.102 26.955 14.698 7.131 22.798 28.768
-1.0 0.1 2.0 -1.0 2.0 0.06 9.147 16.762 1004.321 797.79 628.16 100.0 1461.663 289.233 358.305 74.368 140.249 8.794 7.306 2.074 15.774 13.752 4.173 13.342 26.649
-1.0 0.25 2.0 -1.0 2.0 0.06 9.147 17.362 841.616 619.011 592.537 100.0 1241.78 295.427 517.276 285.132 184.277 10.92 7.085 5.391 35.617 13.539 9.422 30.124 26.455
-1.0 0.4 2.0 -1.0 2.0 0.06 9.147 17.999 684.537 466.517 547.333 100.0 1022.789 301.349 665.603 520.993 236.628 12.534 6.828 8.448 53.758 13.278 14.221 45.468 26.068
-1.7 0.1 2.0 -4.0 3.0 0.006 8.147 17.215 0.005 38.444 10.729 100.0 17.239 283.575 45.458 5.624 21.754 50.956 8.643 1.355 3.276 15.412 0.867 2.771 30.324
-1.7 0.25 2.0 -4.0 3.0 0.006 8.147 18.712 0.006 44.343 11.011 100.0 17.478 284.863 45.073 5.772 22.8 50.428 8.607 1.427 3.781 15.374 1.0 3.198 30.3
-1.7 0.4 2.0 -4.0 3.0 0.006 8.147 18.768 0.007 51.257 11.244 100.0 17.534 286.473 44.395 5.985 24.899 49.602 8.551 1.551 4.632 15.312 1.225 3.918 30.232
-1.7 0.1 2.0 -3.5 3.0 0.006 8.147 21.285 0.141 54.007 34.08 100.0 462.473 282.024 24.386 0.291 41.501 53.428 8.483 0.78 0.917 15.235 0.45 0.775 29.536
-1.7 0.25 2.0 -3.5 3.0 0.006 8.147 21.852 0.168 63.028 36.03 100.0 483.722 283.34 24.549 0.305 43.346 52.224 8.409 0.907 1.8 15.168 0.636 1.523 29.379
-1.7 0.4 2.0 -3.5 3.0 0.006 8.147 21.178 0.202 73.457 38.0 100.0 502.316 284.999 25.024 0.333 46.846 50.649 8.318 1.079 2.969 15.083 0.918 2.511 29.188
-1.7 0.1 2.0 -3.0 3.0 0.006 8.147 23.048 2.126 61.068 73.744 100.0 145.521 282.844 41.891 1.421 60.468 55.784 8.553 1.091 1.701 15.083 0.242 1.439 29.904
-1.7 0.25 2.0 -3.0 3.0 0.006 8.147 22.695 2.653 73.089 83.064 100.0 150.518 284.398 41.563 1.458 63.625 54.434 8.495 1.186 2.405 14.993 0.476 2.034 29.816
-1.7 0.4 2.0 -3.0 3.0 0.006 8.147 21.791 3.372 86.98 93.752 100.0 154.594 286.104 41.193 1.526 68.01 52.549 8.421 1.337 3.469 14.887 0.785 2.934 29.688
-1.7 0.1 2.0 -2.0 3.0 0.006 8.147 20.416 48.448 76.589 144.984 100.0 925.041 279.144 5.075 0.012 52.325 58.628 8.376 0.243 0.545 14.85 0.144 0.461 28.893
-1.7 0.25 2.0 -2.0 3.0 0.006 8.147 19.311 67.586 94.297 177.712 100.0 980.898 280.34 6.517 0.023 53.717 57.359 8.279 0.415 1.502 14.723 0.397 1.271 28.654
-1.7 0.4 2.0 -2.0 3.0 0.006 8.147 17.856 92.522 113.881 213.658 100.0 1012.282 282.409 8.342 0.126 54.344 54.888 8.154 0.607 2.561 14.579 0.678 2.166 28.408
-1.7 0.1 2.0 -1.0 3.0 0.006 8.147 11.252 185.559 161.706 112.94 100.0 1170.066 276.708 1.994 0.249 18.904 54.283 8.193 0.182 0.829 14.524 0.219 0.701 28.0
-1.7 0.25 2.0 -1.0 3.0 0.006 8.147 9.926 280.885 194.533 140.263 100.0 1165.367 279.715 3.981 7.361 23.135 50.376 8.006 0.519 2.581 14.292 0.683 2.183 27.637
-1.7 0.4 2.0 -1.0 3.0 0.006 8.147 8.382 356.527 222.406 161.229 100.0 1057.238 284.295 6.611 18.68 30.035 44.285 7.751 0.924 4.714 14.018 1.247 3.987 27.198
-1.0 0.1 2.0 -4.0 3.0 0.006 8.147 13.556 0.014 149.627 14.591 100.0 16.678 299.367 48.089 12.965 44.151 47.012 7.953 2.26 9.143 14.64 2.419 7.733 28.75
-1.0 0.25 2.0 -4.0 3.0 0.006 8.147 13.305 0.014 144.369 13.871 100.0 15.284 300.008 46.701 13.105 48.057 46.01 7.936 2.338 9.806 14.618 2.594 8.294 28.766
-1.0 0.4 2.0 -4.0 3.0 0.006 8.147 12.779 0.013 136.54 12.863 100.0 13.442 300.855 44.64 13.253 53.008 44.48 7.916 2.443 10.705 14.595 2.832 9.055 28.81
-1.0 0.1 2.0 -3.5 3.0 0.006 8.147 16.567 0.63 218.766 59.568 100.0 652.356 298.543 27.906 0.665 64.381 42.568 7.469 0.907 3.274 14.377 1.494 2.769 27.202
-1.0 0.25 2.0 -3.5 3.0 0.006 8.147 16.093 0.587 209.429 56.057 100.0 611.017 299.849 28.28 0.715 67.664 41.42 7.446 1.069 4.381 14.357 1.727 3.706 27.247
-1.0 0.4 2.0 -3.5 3.0 0.006 8.147 15.215 0.533 196.312 51.437 100.0 552.09 301.62 28.716 0.821 71.778 39.776 7.424 1.298 5.887 14.333 2.059 4.979 27.359
-1.0 0.1 2.0 -3.0 3.0 0.006 8.147 18.578 16.035 276.768 192.64 100.0 197.719 299.586 46.961 3.277 79.351 39.574 7.736 1.539 5.649 14.063 0.866 4.778 28.032
-1.0 0.25 2.0 -3.0 3.0 0.006 8.147 17.854 15.222 263.559 182.299 100.0 181.808 300.569 45.983 3.36 81.022 38.197 7.717 1.649 6.527 14.044 1.159 5.52 28.069
-1.0 0.4 2.0 -3.0 3.0 0.006 8.147 16.677 14.016 243.87 167.23 100.0 161.817 301.723 44.57 3.484 82.573 36.203 7.694 1.815 7.782 14.032 1.557 6.582 28.116
-1.0 0.1 2.0 -2.0 3.0 0.006 8.147 12.482 330.517 383.09 383.22 100.0 902.146 290.108 7.06 0.037 36.518 35.791 7.187 0.319 1.369 13.623 0.362 1.158 26.013
-1.0 0.25 2.0 -2.0 3.0 0.006 8.147 11.69 309.073 352.009 359.399 100.0 825.382 293.101 9.283 0.494 37.895 33.56 7.115 0.581 2.789 13.59 0.738 2.359 26.103
-1.0 0.4 2.0 -2.0 3.0 0.006 8.147 10.709 280.367 314.034 326.817 100.0 727.146 296.753 11.844 5.852 39.978 30.852 7.028 0.877 4.407 13.546 1.166 3.727 26.191
-1.0 0.1 2.0 -1.0 3.0 0.006 8.147 4.249 425.778 550.521 155.565 100.0 421.074 289.828 3.631 4.117 13.135 16.043 6.255 0.35 1.779 12.626 0.471 1.504 23.772
-1.0 0.25 2.0 -1.0 3.0 0.006 8.147 3.822 331.275 451.514 127.662 100.0 344.252 294.806 7.134 19.186 24.0 15.21 6.158 0.865 4.529 12.596 1.198 3.83 23.951
-1.0 0.4 2.0 -1.0 3.0 0.006 8.147 3.478 247.209 368.71 102.117 100.0 277.604 299.406 10.637 35.849 37.152 14.442 6.016 1.38 7.314 12.484 1.935 6.186 23.846
-1.7 0.1 2.0 -4.0 3.0 0.008 8.272 18.138 0.006 38.458 12.366 100.0 21.391 282.843 69.193 7.352 27.932 50.469 8.689 1.767 4.338 15.472 1.147 3.669 30.459
-1.7 0.25 2.0 -4.0 3.0 0.008 8.272 19.527 0.007 44.471 12.797 100.0 21.787 284.004 68.885 7.57 29.278 50.089 8.655 1.851 4.921 15.435 1.302 4.162 30.433
-1.7 0.4 2.0 -4.0 3.0 0.008 8.272 19.641 0.008 51.571 13.212 100.0 21.988 285.523 68.164 7.877 31.851 49.446 8.602 1.995 5.915 15.376 1.565 5.003 30.365
-1.7 0.1 2.0 -3.5 3.0 0.008 8.272 22.213 0.151 54.249 37.234 100.0 542.886 281.238 36.912 0.379 52.554 52.617 8.563 0.997 1.174 15.318 0.593 0.993 29.793
-1.7 0.25 2.0 -3.5 3.0 0.008 8.272 22.837 0.181 63.444 39.752 100.0 574.103 282.345 37.334 0.4 54.926 51.616 8.495 1.151 2.245 15.255 0.809 1.898 29.632
-1.7 0.4 2.0 -3.5 3.0 0.008 8.272 22.252 0.22 74.169 42.551 100.0 603.459 283.8 38.258 0.44 59.499 50.276 8.408 1.362 3.682 15.17 1.148 3.114 29.431
-1.7 0.1 2.0 -3.0 3.0 0.008 8.272 24.022 2.188 61.715 75.324 100.0 175.581 282.012 63.335 1.852 75.23 54.437 8.614 1.412 2.241 15.197 0.311 1.895 30.088
-1.7 0.25 2.0 -3.0 3.0 0.008 8.272 23.697 2.729 74.039 86.206 100.0 182.676 283.423 63.106 1.907 79.657 53.367 8.562 1.521 3.058 15.109 0.594 2.587 30.007
-1.7 0.4 2.0 -3.0 3.0 0.008 8.272 22.875 3.488 88.342 99.236 100.0 189.258 284.992 62.904 2.004 85.824 51.782 8.491 1.702 4.341 15.001 0.974 3.672 29.873
-1.7 0.1 2.0 -2.0 3.0 0.008 8.272 21.302 45.883 79.955 145.934 100.0 1071.515 278.639 7.92 0.017 65.048 56.559 8.463 0.314 0.686 14.984 0.182 0.58 29.191
-1.7 0.25 2.0 -2.0 3.0 0.008 8.272 20.154 65.864 98.605 182.254 100.0 1149.123 279.663 10.006 0.039 67.398 55.531 8.367 0.525 1.869 14.85 0.494 1.581 28.932
-1.7 0.4 2.0 -2.0 3.0 0.008 8.272 18.685 93.416 119.541 224.695 100.0 1202.773 281.511 12.751 0.293 68.961 53.399 8.244 0.763 3.192 14.695 0.844 2.699 28.654
-1.7 0.1 2.0 -1.0 3.0 0.008 8.272 11.38 193.945 180.574 126.218 100.0 1374.175 276.441 3.276 0.785 25.503 52.808 8.25 0.252 1.131 14.607 0.299 0.957 28.187
-1.7 0.25 2.0 -1.0 3.0 0.008 8.272 9.967 301.108 215.906 159.279 100.0 1370.981 279.582 6.556 13.381 31.35 48.573 8.051 0.708 3.513 14.351 0.929 2.971 27.775
-1.7 0.4 2.0 -1.0 3.0 0.008 8.272 8.362 387.29 243.634 185.902 100.0 1230.622 284.539 10.984 32.161 40.461 41.996 7.783 1.248 6.364 14.058 1.683 5.382 27.309
-1.0 0.1 2.0 -4.0 3.0 0.008 8.272 14.939 0.017 151.082 18.36 100.0 21.596 298.111 75.089 17.264 57.27 47.278 8.008 2.922 11.8 14.698 3.122 9.981 28.877
-1.0 0.25 2.0 -4.0 3.0 0.008 8.272 14.651 0.017 146.147 17.522 100.0 19.858 298.762 73.079 17.484 62.233 46.357 7.989 3.012 12.603 14.674 3.334 10.66 28.883
-1.0 0.4 2.0 -4.0 3.0 0.008 8.272 14.104 0.016 138.884 16.339 100.0 17.561 299.61 70.115 17.747 68.624 44.953 7.966 3.137 13.708 14.646 3.626 11.595 28.907
-1.0 0.1 2.0 -3.5 3.0 0.008 8.272 18.491 0.739 221.204 72.772 100.0 833.383 296.407 44.09 0.912 84.175 42.792 7.609 1.182 4.269 14.458 1.937 3.611 27.481
-1.0 0.25 2.0 -3.5 3.0 0.008 8.272 17.997 0.693 212.451 68.885 100.0 783.67 297.798 44.723 0.989 88.545 41.731 7.576 1.375 5.627 14.433 2.221 4.759 27.498
-1.0 0.4 2.0 -3.5 3.0 0.008 8.272 17.11 0.634 199.845 63.649 100.0 710.54 299.712 45.381 1.16 93.979 40.167 7.543 1.65 7.469 14.4 2.629 6.317 27.584
-1.0 0.1 2.0 -3.0 3.0 0.008 8.272 20.723 18.249 282.459 229.65 100.0 252.576 297.925 73.41 4.401 104.471 39.818 7.82 1.999 7.321 14.19 1.129 6.192 28.21
-1.0 0.25 2.0 -3.0 3.0 0.008 8.272 20.018 17.421 269.676 218.659 100.0 233.296 298.936 72.076 4.529 106.816 38.513 7.796 2.129 8.397 14.161 1.488 7.102 28.225
-1.0 0.4 2.0 -3.0 3.0 0.008 8.272 18.807 16.123 250.034 201.719 100.0 208.646 300.173 70.049 4.719 108.836 36.575 7.766 2.325 9.939 14.138 1.976 8.406 28.248
-1.0 0.1 2.0 -2.0 3.0 0.008 8.272 13.288 377.433 403.678 445.624 100.0 1115.083 288.647 11.378 0.065 48.397 34.733 7.348 0.413 1.791 13.769 0.474 1.515 26.347
-1.0 0.25 2.0 -2.0 3.0 0.008 8.272 12.552 355.913 371.876 421.719 100.0 1024.553 291.736 14.766 1.352 50.264 32.685 7.262 0.743 3.598 13.718 0.952 3.043 26.387
-1.0 0.4 2.0 -2.0 3.0 0.008 8.272 11.61 325.684 332.257 387.147 100.0 905.615 295.602 18.766 11.125 52.946 30.146 7.158 1.122 5.68 13.653 1.503 4.804 26.427
-1.0 0.1 2.0 -1.0 3.0 0.008 8.272 4.522 468.239 569.396 191.899 100.0 458.715 290.885 6.274 7.492 17.548 14.172 6.292 0.462 2.389 12.684 0.632 2.021 23.916
-1.0 0.25 2.0 -1.0 3.0 0.008 8.272 4.189 365.747 461.887 158.134 100.0 371.281 296.158 11.916 31.934 31.662 13.737 6.188 1.131 5.978 12.647 1.581 5.056 24.087
-1.0 0.4 2.0 -1.0 3.0 0.008 8.272 3.919 273.725 371.309 126.619 100.0 293.998 300.995 17.412 58.358 48.388 13.252 6.036 1.788 9.538 12.527 2.523 8.067 23.983
-1.7 0.1 2.0 -4.0 3.0 0.01 8.369 18.825 0.006 38.42 13.301 100.0 24.807 282.239 96.07 8.993 33.559 49.937 8.73 2.159 5.394 15.529 1.427 4.562 30.588
-1.7 0.25 2.0 -4.0 3.0 0.01 8.369 20.135 0.007 44.529 13.87 100.0 25.385 283.295 95.975 9.282 35.211 49.671 8.698 2.254 6.043 15.494 1.599 5.111 30.561
-1.7 0.4 2.0 -4.0 3.0 0.01 8.369 20.314 0.009 51.758 14.471 100.0 25.768 284.729 95.344 9.681 38.219 49.168 8.648 2.414 7.143 15.436 1.89 6.042 30.496
-1.7 0.1 2.0 -3.5 3.0 0.01 8.369 22.925 0.154 54.389 38.075 100.0 599.64 280.713 51.002 0.464 62.287 51.752 8.628 1.199 1.423 15.393 0.736 1.204 30.019
-1.7 0.25 2.0 -3.5 3.0 0.01 8.369 23.585 0.185 63.718 41.096 100.0 639.676 281.662 51.777 0.49 65.214 50.918 8.564 1.373 2.644 15.333 0.974 2.236 29.855
-1.7 0.4 2.0 -3.5 3.0 0.01 8.369 23.075 0.226 74.646 44.61 100.0 679.488 282.925 53.258 0.543 70.791 49.766 8.481 1.616 4.309 15.249 1.36 3.645 29.647
-1.7 0.1 2.0 -3.0 3.0 0.01 8.369 24.854 2.176 62.206 72.981 100.0 198.245 281.405 87.32 2.26 87.895 53.102 8.668 1.714 2.782 15.296 0.376 2.353 30.262
-1.7 0.25 2.0 -3.0 3.0 0.01 8.369 24.539 2.694 74.741 84.577 100.0 207.526 282.693 87.385 2.333 93.516 52.241 8.619 1.833 3.682 15.208 0.7 3.114 30.181
-1.7 0.4 2.0 -3.0 3.0 0.01 8.369 23.737 3.439 89.323 98.895 100.0 216.83 284.137 87.517 2.459 101.426 50.908 8.55 2.037 5.142 15.1 1.14 4.349 30.044
-1.7 0.1 2.0 -2.0 3.0 0.01 8.369 22.244 42.711 82.889 142.438 100.0 1181.396 278.335 11.279 0.023 76.354 54.745 8.531 0.381 0.814 15.093 0.215 0.688 29.438
-1.7 0.25 2.0 -2.0 3.0 0.01 8.369 21.04 62.623 102.359 180.677 100.0 1279.504 279.22 14.09 0.059 79.75 53.905 8.436 0.627 2.201 14.953 0.582 1.862 29.16
-1.7 0.4 2.0 -2.0 3.0 0.01 8.369 19.534 91.396 124.46 227.714 100.0 1355.812 280.876 17.925 0.586 82.438 52.03 8.313 0.909 3.786 14.789 1.001 3.202 28.853
-1.7 0.1 2.0 -1.0 3.0 0.01 8.369 11.688 200.741 196.863 135.994 100.0 1541.996 276.254 4.909 1.578 32.015 51.472 8.294 0.321 1.434 14.673 0.379 1.213 28.336
-1.7 0.25 2.0 -1.0 3.0 0.01 8.369 10.159 316.188 233.819 174.102 100.0 1540.314 279.509 9.842 20.277 39.425 46.969 8.084 0.894 4.43 14.397 1.172 3.747 27.887
-1.7 0.4 2.0 -1.0 3.0 0.01 8.369 8.504 410.903 261.31 206.491 100.0 1374.842 284.67 16.587 47.344 50.681 40.188 7.805 1.563 7.988 14.084 2.113 6.757 27.378
-1.0 0.1 2.0 -4.0 3.0 0.01 8.369 16.152 0.019 152.414 21.588 100.0 26.176 296.902 107.042 21.517 69.736 47.498 8.062 3.554 14.343 14.754 3.794 12.131 28.999
-1.0 0.25 2.0 -4.0 3.0 0.01 8.369 15.846 0.019 147.747 20.671 100.0 24.134 297.563 104.353 21.821 75.656 46.637 8.041 3.653 15.265 14.728 4.038 12.911 28.998
-1.0 0.4 2.0 -4.0 3.0 0.01 8.369 15.284 0.018 140.676 19.365 100.0 21.413 298.456 100.281 22.176 83.257 45.297 8.015 3.787 16.524 14.698 4.371 13.976 29.017
-1.0 0.1 2.0 -3.5 3.0 0.01 8.369 20.135 0.805 223.208 82.975 100.0 996.32 294.453 63.374 1.167 103.061 42.941 7.732 1.444 5.224 14.534 2.364 4.418 27.734
-1.0 0.25 2.0 -3.5 3.0 0.01 8.369 19.631 0.764 214.851 79.032 100.0 940.294 295.895 64.339 1.276 108.443 41.944 7.692 1.664 6.801 14.505 2.691 5.752 27.727
-1.0 0.4 2.0 -3.5 3.0 0.01 8.369 18.769 0.7 202.644 73.453 100.0 855.258 297.939 65.316 1.526 115.199 40.457 7.649 1.976 8.944 14.464 3.168 7.565 27.788
-1.0 0.1 2.0 -3.0 3.0 0.01 8.369 22.477 19.457 287.137 256.314 100.0 300.607 296.429 104.772 5.535 128.524 39.966 7.898 2.439 8.935 14.305 1.382 7.557 28.377
-1.0 0.25 2.0 -3.0 3.0 0.01 8.369 21.81 18.699 274.747 245.492 100.0 279.64 297.434 102.955 5.703 131.598 38.728 7.871 2.582 10.17 14.267 1.799 8.602 28.381
-1.0 0.4 2.0 -3.0 3.0 0.01 8.369 20.612 17.4 255.254 227.846 100.0 250.141 298.754 100.398 5.975 134.173 36.84 7.833 2.806 11.975 14.233 2.366 10.128 28.379
-1.0 0.1 2.0 -2.0 3.0 0.01 8.369 14.045 410.482 420.852 492.771 100.0 1301.973 287.413 16.681 0.103 60.141 33.771 7.478 0.502 2.205 13.89 0.583 1.865 26.624
-1.0 0.25 2.0 -2.0 3.0 0.01 8.369 13.362 390.175 388.375 470.24 100.0 1200.651 290.584 21.454 2.712 62.479 31.872 7.382 0.894 4.374 13.825 1.157 3.699 26.628
-1.0 0.4 2.0 -2.0 3.0 0.01 8.369 12.483 360.616 347.912 436.334 100.0 1066.762 294.569 27.225 17.03 65.793 29.519 7.264 1.348 6.887 13.74 1.822 5.825 26.614
-1.0 0.1 2.0 -1.0 3.0 0.01 8.369 4.93 501.312 582.605 224.534 100.0 494.012 291.655 9.777 11.29 22.019 12.996 6.341 0.566 2.986 12.746 0.79 2.526 24.071
-1.0 0.25 2.0 -1.0 3.0 0.01 8.369 4.658 393.519 468.846 185.976 100.0 397.425 297.147 17.961 45.906 39.063 12.861 6.23 1.383 7.373 12.701 1.951 6.236 24.232
-1.0 0.4 2.0 -1.0 3.0 0.01 8.369 4.436 296.727 373.337 149.884 100.0 311.962 302.202 25.814 82.149 59.111 12.597 6.069 2.177 11.68 12.574 3.09 9.879 24.116
-1.7 0.1 2.0 -4.0 3.0 0.014 8.515 19.86 0.006 38.239 13.65 100.0 29.715 281.377 156.741 11.969 43.189 48.773 8.804 2.882 7.479 15.637 1.979 6.326 30.841
-1.7 0.25 2.0 -4.0 3.0 0.014 8.515 20.972 0.007 44.49 14.48 100.0 30.688 282.241 157.711 12.424 45.488 48.702 8.774 3.0 8.235 15.602 2.178 6.965 30.805
-1.7 0.4 2.0 -4.0 3.0 0.014 8.515 21.24 0.009 51.931 15.409 100.0 31.466 283.502 157.897 13.027 49.325 48.447 8.727 3.185 9.497 15.546 2.512 8.033 30.738
-1.7 0.1 2.0 -3.5 3.0 0.014 8.515 24.02 0.15 54.488 36.051 100.0 666.26 280.136 82.734 0.621 78.403 49.987 8.73 1.561 1.903 15.527 1.023 1.61 30.406
-1.7 0.25 2.0 -3.5 3.0 0.014 8.515 24.701 0.18 63.979 39.546 100.0 719.26 280.87 84.452 0.659 82.321 49.412 8.671 1.762 3.346 15.47 1.29 2.83 30.238
-1.7 0.4 2.0 -3.5 3.0 0.014 8.515 24.266 0.22 75.196 43.809 100.0 775.604 281.844 87.557 0.737 89.621 48.573 8.593 2.056 5.388 15.387 1.747 4.557 30.016
-1.7 0.1 2.0 -3.0 3.0 0.014 8.515 26.361 2.114 62.885 63.919 100.0 227.258 280.65 140.995 3.004 108.313 50.617 8.756 2.261 3.869 15.462 0.503 3.272 30.574
-1.7 0.25 2.0 -3.0 3.0 0.014 8.515 26.011 2.549 75.673 75.275 100.0 240.132 281.723 142.031 3.114 115.958 50.039 8.712 2.395 4.878 15.375 0.885 4.126 30.495
-1.7 0.4 2.0 -3.0 3.0 0.014 8.515 25.217 3.176 90.704 90.045 100.0 253.672 282.949 143.385 3.301 127.093 49.069 8.648 2.635 6.605 15.264 1.425 5.586 30.354
-1.7 0.1 2.0 -2.0 3.0 0.014 8.515 24.227 36.655 87.899 130.188 100.0 1329.544 278.058 19.386 0.037 95.664 51.72 8.633 0.506 1.038 15.266 0.275 0.878 29.837
-1.7 0.25 2.0 -2.0 3.0 0.014 8.515 22.9 55.332 108.721 169.964 100.0 1464.308 278.719 23.864 0.112 101.339 51.146 8.538 0.811 2.793 15.114 0.739 2.362 29.525
-1.7 0.4 2.0 -2.0 3.0 0.014 8.515 21.27 84.287 132.535 221.796 100.0 1582.067 280.08 30.346 1.676 106.507 49.641 8.415 1.177 4.888 14.935 1.293 4.134 29.173
-1.7 0.1 2.0 -1.0 3.0 0.014 8.515 12.564 212.095 223.977 147.949 100.0 1799.281 276.0 9.23 3.625 44.628 49.135 8.36 0.459 2.029 14.775 0.537 1.716 28.569
-1.7 0.25 2.0 -1.0 3.0 0.014 8.515 10.788 339.597 263.321 196.271 100.0 1808.739 279.354 18.614 35.406 55.102 44.344 8.132 1.254 6.229 14.463 1.648 5.269 28.04
-1.7 0.4 2.0 -1.0 3.0 0.014 8.515 8.983 443.668 288.141 238.539 100.0 1596.754 284.91 31.361 79.741 70.002 37.294 7.838 2.158 11.098 14.125 2.936 9.386 27.495
-1.0 0.1 2.0 -4.0 3.0 0.014 8.515 18.114 0.022 154.588 26.489 100.0 34.362 294.648 184.298 29.754 92.69 47.786 8.163 4.73 19.108 14.863 5.055 16.162 29.242
-1.0 0.25 2.0 -4.0 3.0 0.014 8.515 17.792 0.022 150.259 25.502 100.0 31.818 295.32 180.076 30.229 100.24 47.018 8.14 4.839 20.22 14.834 5.349 17.102 29.231
-1.0 0.4 2.0 -4.0 3.0 0.014 8.515 17.234 0.022 143.737 24.088 100.0 28.421 296.246 173.717 30.829 110.055 45.818 8.11 4.989 21.753 14.798 5.755 18.399 29.23
-1.0 0.1 2.0 -3.5 3.0 0.014 8.515 22.665 0.855 226.453 95.988 100.0 1267.055 291.174 110.572 1.699 138.042 43.079 7.934 1.933 7.031 14.675 3.172 5.947 28.166
-1.0 0.25 2.0 -3.5 3.0 0.014 8.515 22.186 0.817 218.634 92.104 100.0 1202.796 292.678 112.366 1.88 145.318 42.189 7.886 2.191 8.975 14.64 3.574 7.591 28.132
-1.0 0.4 2.0 -3.5 3.0 0.014 8.515 21.351 0.761 207.088 86.489 100.0 1103.053 294.834 114.206 2.322 154.428 40.828 7.828 2.565 11.635 14.59 4.157 9.841 28.143
-1.0 0.1 2.0 -3.0 3.0 0.014 8.515 25.102 19.722 294.267 284.55 100.0 380.791 293.734 180.571 7.785 173.087 40.005 8.037 3.263 11.991 14.5 1.86 10.142 28.69
-1.0 0.25 2.0 -3.0 3.0 0.014 8.515 24.525 19.148 282.397 275.287 100.0 355.775 294.769 177.939 8.054 177.644 38.88 8.005 3.427 13.508 14.452 2.374 11.425 28.673
-1.0 0.4 2.0 -3.0 3.0 0.014 8.515 23.415 18.046 263.437 258.972 100.0 321.547 296.119 173.858 8.478 181.652 37.137 7.961 3.682 15.715 14.4 3.078 13.291 28.648
-1.0 0.1 2.0 -2.0 3.0 0.014 8.515 15.46 450.38 447.88 556.53 100.0 1614.96 285.478 30.207 0.216 83.151 32.088 7.676 0.664 3.008 14.08 0.796 2.544 27.062
-1.0 0.25 2.0 -2.0 3.0 0.014 8.515 14.873 433.746 414.441 538.454 100.0 1499.359 288.718 38.384 6.304 86.408 30.454 7.569 1.165 5.833 13.995 1.543 4.934 27.016
-1.0 0.4 2.0 -2.0 3.0 0.014 8.515 14.083 406.962 372.559 507.783 100.0 1342.792 292.833 48.496 29.339 90.702 28.401 7.434 1.752 9.116 13.886 2.412 7.711 26.94
-1.0 0.1 2.0 -1.0 3.0 0.014 8.515 5.957 552.752 600.004 280.9 100.0 561.923 292.634 19.564 19.359 31.288 11.659 6.446 0.756 4.147 12.867 1.097 3.507 24.377
-1.0 0.25 2.0 -1.0 3.0 0.014 8.515 5.754 438.068 478.069 235.193 100.0 450.487 298.403 33.919 75.242 53.394 11.936 6.32 1.851 10.042 12.801 2.657 8.494 24.498
-1.0 0.4 2.0 -1.0 3.0 0.014 8.515 5.569 335.147 375.679 192.239 100.0 351.107 303.762 47.426 128.097 79.336 11.986 6.145 2.907 15.765 12.659 4.171 13.334 24.354
-1.7 0.1 2.0 -4.0 3.0 0.02 8.67 20.807 0.006 40.958 12.194 100.0 33.8 280.463 259.952 15.974 53.918 59.229 8.893 3.786 10.142 15.775 2.683 8.578 31.172
-1.7 0.25 2.0 -4.0 3.0 0.02 8.67 21.902 0.007 47.964 13.277 100.0 35.414 281.123 263.873 16.713 56.968 59.341 8.866 3.941 11.039 15.739 2.92 9.337 31.126
-1.7 0.4 2.0 -4.0 3.0 0.02 8.67 22.259 0.009 56.466 14.586 100.0 37.025 282.128 267.067 17.689 61.862 59.282 8.822 4.181 12.549 15.682 3.32 10.614 31.046
-1.7 0.1 2.0 -3.5 3.0 0.02 8.67 25.509 0.139 57.047 29.978 100.0 715.154 279.622 137.47 0.866 96.543 60.702 8.844 2.051 2.513 15.693 1.395 2.125 30.864
-1.7 0.25 2.0 -3.5 3.0 0.02 8.67 26.255 0.166 67.508 33.891 100.0 786.738 280.134 141.306 0.922 101.828 60.308 8.789 2.294 4.21 15.636 1.699 3.561 30.686
-1.7 0.4 2.0 -3.5 3.0 0.02 8.67 25.924 0.203 80.062 39.059 100.0 868.984 280.811 147.719 1.035 111.397 59.749 8.715 2.662 6.693 15.551 2.244 5.661 30.449
-1.7 0.1 2.0 -3.0 3.0 0.02 8.67 28.84 2.016 65.567 50.225 100.0 247.951 279.901 231.724 4.078 131.927 61.197 8.86 2.961 5.272 15.653 0.665 4.459 30.967
-1.7 0.25 2.0 -3.0 3.0 0.02 8.67 28.479 2.376 79.455 61.105 100.0 266.503 280.733 235.657 4.254 142.002 60.861 8.82 3.126 6.422 15.565 1.114 5.432 30.882
-1.7 0.4 2.0 -3.0 3.0 0.02 8.67 27.678 2.903 95.993 76.295 100.0 287.962 281.681 240.731 4.536 157.025 60.269 8.76 3.429 8.482 15.451 1.771 7.174 30.727
-1.7 0.1 2.0 -2.0 3.0 0.02 8.67 27.889 31.658 96.21 111.865 100.0 1472.906 277.95 33.945 0.06 120.577 62.02 8.746 0.688 1.3 15.463 0.344 1.099 30.307
-1.7 0.25 2.0 -2.0 3.0 0.02 8.67 26.396 49.643 119.685 154.829 100.0 1667.243 278.367 41.177 0.204 129.369 61.967 8.65 1.072 3.509 15.302 0.928 2.968 29.965
-1.7 0.4 2.0 -2.0 3.0 0.02 8.67 24.602 79.944 147.046 215.229 100.0 1861.035 279.36 52.364 3.694 138.353 60.997 8.527 1.56 6.286 15.108 1.663 5.317 29.564
-1.7 0.1 2.0 -1.0 3.0 0.02 8.67 14.861 238.416 264.735 159.257 100.0 2172.562 275.823 17.405 6.264 62.562 60.31 8.442 0.648 2.801 14.911 0.741 2.369 28.888
-1.7 0.25 2.0 -1.0 3.0 0.02 8.67 12.699 392.978 312.072 226.131 100.0 2269.53 278.925 34.877 52.429 77.161 55.246 8.204 1.774 8.754 14.566 2.316 7.404 28.275
-1.7 0.4 2.0 -1.0 3.0 0.02 8.67 10.63 525.29 341.315 290.615 100.0 2076.964 284.403 59.035 115.891 97.23 47.163 7.905 3.055 15.656 14.203 4.142 13.242 27.676
-1.0 0.1 2.0 -4.0 3.0 0.02 8.67 20.779 0.026 174.709 32.264 100.0 48.373 291.614 333.007 41.74 119.049 60.299 8.289 6.31 24.945 14.997 6.599 21.099 29.524
-1.0 0.25 2.0 -4.0 3.0 0.02 8.67 20.486 0.026 170.267 31.308 100.0 45.075 292.348 326.239 42.498 128.241 59.365 8.262 6.443 26.349 14.965 6.971 22.286 29.503
-1.0 0.4 2.0 -4.0 3.0 0.02 8.67 19.948 0.026 163.629 29.815 100.0 40.56 293.34 315.853 43.505 140.303 57.921 8.227 6.63 28.311 14.923 7.489 23.945 29.483
-1.0 0.1 2.0 -3.5 3.0 0.02 8.67 26.41 0.975 253.09 114.784 100.0 1709.72 287.042 195.248 2.407 182.466 56.149 8.15 2.643 8.979 14.85 4.073 7.594 28.633
-1.0 0.25 2.0 -3.5 3.0 0.02 8.67 26.023 0.946 245.381 111.543 100.0 1639.754 288.546 198.706 2.698 191.684 55.014 8.095 2.968 11.467 14.807 4.585 9.699 28.57
-1.0 0.4 2.0 -3.5 3.0 0.02 8.67 25.298 0.9 233.719 106.441 100.0 1525.872 290.798 202.774 3.452 203.298 53.272 8.022 3.446 14.923 14.745 5.333 12.622 28.522
-1.0 0.1 2.0 -3.0 3.0 0.02 8.67 29.336 21.187 326.371 331.96 100.0 532.846 290.013 321.322 10.816 232.498 54.095 8.207 4.387 15.397 14.717 2.375 13.023 29.06
-1.0 0.25 2.0 -3.0 3.0 0.02 8.67 28.901 20.925 314.589 326.23 100.0 502.81 291.092 317.82 11.246 238.632 52.655 8.169 4.591 17.331 14.659 3.034 14.659 29.021
-1.0 0.4 2.0 -3.0 3.0 0.02 8.67 27.986 20.236 295.59 314.154 100.0 460.301 292.548 312.033 11.929 244.312 50.347 8.116 4.911 20.16 14.584 3.948 17.051 28.964
-1.0 0.1 2.0 -2.0 3.0 0.02 8.67 18.605 549.568 517.907 689.063 100.0 2248.829 282.764 54.213 0.404 118.848 44.365 7.891 0.938 3.958 14.299 1.047 3.348 27.563
-1.0 0.25 2.0 -2.0 3.0 0.02 8.67 18.082 537.437 481.818 682.581 100.0 2126.317 285.93 68.807 11.248 122.863 42.231 7.776 1.624 7.847 14.194 2.076 6.637 27.465
-1.0 0.4 2.0 -2.0 3.0 0.02 8.67 17.386 514.009 435.37 662.231 100.0 1943.284 290.114 87.446 43.8 127.973 39.437 7.624 2.437 12.412 14.056 3.284 10.498 27.32
-1.0 0.1 2.0 -1.0 3.0 0.02 8.67 7.993 767.581 738.554 419.746 100.0 887.647 291.605 37.827 30.289 46.609 16.899 6.601 1.125 6.086 13.009 1.61 5.147 24.734
-1.0 0.25 2.0 -1.0 3.0 0.02 8.67 7.887 607.785 579.795 355.214 100.0 713.753 297.873 65.413 112.262 75.924 16.908 6.452 2.71 14.637 12.914 3.872 12.38 24.803
-1.0 0.4 2.0 -1.0 3.0 0.02 8.67 7.818 464.549 447.688 293.091 100.0 557.629 303.719 90.748 189.751 109.645 16.652 6.256 4.177 22.59 12.749 5.976 19.107 24.616
-1.7 0.1 2.0 -4.0 3.0 0.04 8.971 23.202 0.005 39.289 5.514 100.0 33.224 280.747 603.437 22.889 71.482 53.472 9.093 5.938 18.927 16.152 5.007 16.008 32.129
-1.7 0.25 2.0 -4.0 3.0 0.04 8.971 23.746 0.006 46.302 6.256 100.0 35.334 280.969 623.23 24.343 76.433 53.962 9.072 6.182 20.138 16.116 5.327 17.032 32.065
-1.7 0.4 2.0 -4.0 3.0 0.04 8.971 23.961 0.007 54.957 7.258 100.0 37.675 281.467 644.439 26.262 83.734 54.451 9.038 6.517 22.01 16.064 5.823 18.616 31.982
-1.7 0.1 2.0 -3.5 3.0 0.04 8.971 29.873 0.142 56.25 12.272 100.0 656.648 280.351 329.156 1.362 124.838 53.747 9.064 3.173 4.712 16.1 2.761 3.986 31.94
-1.7 0.25 2.0 -3.5 3.0 0.04 8.971 30.375 0.162 66.726 14.393 100.0 737.886 280.582 343.183 1.468 132.755 53.747 9.015 3.432 6.635 16.048 3.081 5.612 31.76
-1.7 0.4 2.0 -3.5 3.0 0.04 8.971 29.864 0.185 79.38 17.306 100.0 837.317 280.856 364.888 1.685 145.759 53.602 8.947 3.89 9.908 15.968 3.713 8.38 31.505
-1.7 0.1 2.0 -3.0 3.0 0.04 8.971 36.309 2.176 66.798 19.811 100.0 230.157 280.485 536.576 5.991 169.71 53.338 9.072 4.586 10.437 16.083 1.247 8.828 31.986
-1.7 0.25 2.0 -3.0 3.0 0.04 8.971 35.739 2.372 80.912 24.848 100.0 251.438 280.894 555.168 6.35 183.947 53.226 9.04 4.78 11.646 15.999 1.755 9.85 31.898
-1.7 0.4 2.0 -3.0 3.0 0.04 8.971 34.616 2.589 97.873 32.406 100.0 276.473 281.442 577.42 6.889 206.626 52.88 8.99 5.134 14.035 15.882 2.621 11.871 31.749
-1.7 0.1 2.0 -2.0 3.0 0.04 8.971 38.951 20.919 111.331 61.36 100.0 1527.433 278.834 97.582 0.152 170.242 53.892 8.948 1.156 2.037 15.861 0.539 1.723 31.286
-1.7 0.25 2.0 -2.0 3.0 0.04 8.971 36.69 31.208 138.333 94.432 100.0 1818.913 278.822 116.485 0.768 188.91 53.732 8.845 1.712 5.483 15.671 1.451 4.638 30.855
-1.7 0.4 2.0 -2.0 3.0 0.04 8.971 33.913 52.216 170.02 147.33 100.0 2139.018 279.207 150.986 12.23 210.383 52.924 8.717 2.461 10.002 15.446 2.646 8.46 30.362
-1.7 0.1 2.0 -1.0 3.0 0.04 8.971 21.39 279.518 338.683 154.252 100.0 2613.674 276.159 62.316 17.156 111.121 52.776 8.567 1.22 5.215 15.144 1.38 4.411 29.461
-1.7 0.25 2.0 -1.0 3.0 0.04 8.971 17.474 455.283 387.278 250.446 100.0 2828.741 278.912 129.794 120.301 138.819 47.552 8.292 3.249 16.434 14.707 4.347 13.899 28.637
-1.7 0.4 2.0 -1.0 3.0 0.04 8.971 14.435 596.405 406.465 352.081 100.0 2626.255 284.178 221.187 259.155 172.386 40.107 7.972 5.486 29.025 14.277 7.679 24.55 27.89
-1.0 0.1 2.0 -4.0 3.0 0.04 8.971 22.505 0.018 178.576 27.3 100.0 61.468 285.494 958.053 72.73 184.975 59.146 8.62 10.378 42.91 15.414 11.352 36.293 30.494
-1.0 0.25 2.0 -4.0 3.0 0.04 8.971 22.275 0.018 174.83 26.982 100.0 57.848 286.176 943.418 74.298 198.041 58.506 8.592 10.494 44.672 15.377 11.818 37.783 30.462
-1.0 0.4 2.0 -4.0 3.0 0.04 8.971 21.885 0.019 169.122 26.439 100.0 52.88 287.135 920.653 76.468 215.441 57.463 8.551 10.658 47.155 15.325 12.475 39.883 30.415
-1.0 0.1 2.0 -3.5 3.0 0.04 8.971 28.888 0.55 257.347 80.447 100.0 2074.497 281.527 579.357 4.961 281.939 53.367 8.556 4.322 15.506 15.317 7.101 13.115 29.798
-1.0 0.25 2.0 -3.5 3.0 0.04 8.971 28.631 0.544 250.931 80.263 100.0 2024.239 282.694 595.207 5.758 297.818 52.668 8.5 4.725 19.043 15.264 7.802 16.106 29.692
-1.0 0.4 2.0 -3.5 3.0 0.04 8.971 28.142 0.53 240.95 79.464 100.0 1932.101 284.453 614.129 7.998 318.419 51.515 8.42 5.354 24.094 15.184 8.842 20.378 29.551
-1.0 0.1 2.0 -3.0 3.0 0.04 8.971 33.336 10.456 336.497 218.227 100.0 624.126 284.045 920.6 19.933 362.222 49.992 8.581 7.205 26.842 15.224 4.102 22.703 30.138
-1.0 0.25 2.0 -3.0 3.0 0.04 8.971 33.033 10.627 326.746 222.174 100.0 596.525 284.914 917.865 20.92 376.686 49.138 8.541 7.431 29.493 15.15 5.038 24.945 30.07
-1.0 0.4 2.0 -3.0 3.0 0.04 8.971 32.323 10.679 310.507 224.043 100.0 555.997 286.143 910.659 22.519 392.596 47.695 8.482 7.799 33.422 15.046 6.374 28.268 29.963
-1.0 0.1 2.0 -2.0 3.0 0.04 8.971 24.147 535.227 582.658 689.211 100.0 3020.291 279.303 186.698 2.152 214.237 38.034 8.249 1.546 7.359 14.704 1.947 6.224 28.494
-1.0 0.25 2.0 -2.0 3.0 0.04 8.971 23.723 542.776 545.478 711.396 100.0 2922.508 282.061 234.216 30.245 222.806 36.841 8.133 2.559 13.427 14.574 3.552 11.356 28.332
-1.0 0.4 2.0 -2.0 3.0 0.04 8.971 23.21 542.144 496.486 726.473 100.0 2748.307 285.851 297.04 93.062 232.193 35.157 7.975 3.85 20.96 14.399 5.545 17.728 28.098
-1.0 0.1 2.0 -1.0 3.0 0.04 8.971 13.251 912.981 778.149 582.241 100.0 1241.306 291.192 163.942 67.679 96.364 15.099 6.997 1.894 11.468 13.422 3.034 9.7 25.809
-1.0 0.25 2.0 -1.0 3.0 0.04 8.971 13.398 744.614 603.033 517.352 100.0 1016.87 297.588 249.787 246.195 138.712 16.012 6.793 4.698 26.811 13.237 7.093 22.676 25.673
-1.0 0.4 2.0 -1.0 3.0 0.04 8.971 13.525 591.283 457.238 451.387 100.0 810.037 303.65 329.048 406.042 188.452 16.465 6.548 7.289 40.913 12.996 10.823 34.604 25.314
-1.7 0.1 2.0 -4.0 3.0 0.06 9.147 26.075 0.005 37.66 2.203 100.0 27.551 282.068 873.024 24.792 75.035 49.274 9.222 7.11 25.441 16.428 6.73 21.518 32.859
-1.7 0.25 2.0 -4.0 3.0 0.06 9.147 26.385 0.006 44.481 2.565 100.0 29.515 282.148 909.493 26.601 80.723 49.86 9.203 7.412 26.898 16.392 7.116 22.751 32.789
-1.7 0.4 2.0 -4.0 3.0 0.06 9.147 26.424 0.007 53.034 3.076 100.0 31.771 282.423 951.331 29.031 88.991 50.536 9.172 7.817 29.073 16.341 7.691 24.59 32.698
-1.7 0.1 2.0 -3.5 3.0 0.06 9.147 34.808 0.16 55.056 4.875 100.0 538.95 281.603 490.751 1.597 130.883 49.019 9.198 3.833 6.638 16.383 3.906 5.614 32.688
-1.7 0.25 2.0 -3.5 3.0 0.06 9.147 35.128 0.179 65.321 5.858 100.0 616.921 281.733 517.827 1.74 139.871 49.167 9.151 4.098 8.576 16.333 4.237 7.253 32.504
-1.7 0.4 2.0 -3.5 3.0 0.06 9.147 34.497 0.2 77.788 7.275 100.0 714.529 281.871 557.261 2.027 154.037 49.239 9.083 4.597 12.232 16.255 4.899 10.345 32.234
-1.7 0.1 2.0 -3.0 3.0 0.06 9.147 43.999 2.392 67.177 8.193 100.0 187.709 281.765 782.901 6.67 179.865 48.462 9.204 5.489 14.766 16.371 1.756 12.489 32.726
-1.7 0.25 2.0 -3.0 3.0 0.06 9.147 43.343 2.56 81.223 10.59 100.0 206.737 282.018 818.066 7.14 196.173 48.475 9.176 5.706 16.015 16.287 2.269 13.545 32.637
-1.7 0.4 2.0 -3.0 3.0 0.06 9.147 42.018 2.707 98.142 14.333 100.0 229.755 282.397 860.744 7.831 222.336 48.319 9.128 6.085 18.517 16.165 3.236 15.662 32.487
-1.7 0.1 2.0 -2.0 3.0 0.06 9.147 50.314 18.016 121.442 35.58 100.0 1402.927 279.935 162.903 0.24 196.117 49.288 9.068 1.506 2.639 16.116 0.698 2.232 31.939
-1.7 0.25 2.0 -2.0 3.0 0.06 9.147 47.332 23.632 150.479 59.594 100.0 1746.892 279.721 195.39 1.578 223.128 49.171 8.956 2.171 6.994 15.904 1.85 5.915 31.445
-1.7 0.4 2.0 -2.0 3.0 0.06 9.147 43.543 37.876 184.506 102.783 100.0 2147.144 279.783 258.923 19.235 255.677 48.486 8.822 3.084 12.746 15.656 3.372 10.781 30.884
-1.7 0.1 2.0 -1.0 3.0 0.06 9.147 28.425 308.92 380.288 143.481 100.0 2723.027 276.871 119.287 26.513 147.259 48.284 8.638 1.68 7.217 15.296 1.909 6.104 29.851
-1.7 0.25 2.0 -1.0 3.0 0.06 9.147 22.419 500.187 426.173 252.714 100.0 3048.427 279.144 260.625 174.913 186.792 43.136 8.34 4.412 22.822 14.796 6.037 19.303 28.874
-1.7 0.4 2.0 -1.0 3.0 0.06 9.147 18.06 643.524 435.826 373.576 100.0 2896.603 283.822 451.281 372.354 230.694 36.529 8.017 7.367 39.937 14.329 10.565 33.778 28.049
-1.0 0.1 2.0 -4.0 3.0 0.06 9.147 22.913 0.012 177.341 16.035 100.0 56.979 283.728 1575.554 89.31 213.503 57.12 8.808 12.892 56.426 15.713 14.927 47.725 31.239
-1.0 0.25 2.0 -4.0 3.0 0.06 9.147 22.645 0.012 174.095 16.076 100.0 53.952 284.31 1557.598 91.499 228.268 56.663 8.779 12.988 58.325 15.672 15.43 49.331 31.194
-1.0 0.4 2.0 -4.0 3.0 0.06 9.147 22.214 0.013 168.924 16.081 100.0 49.738 285.176 1527.276 94.494 247.796 55.861 8.736 13.11 60.947 15.613 16.123 51.549 31.131
-1.0 0.1 2.0 -3.5 3.0 0.06 9.147 30.863 0.354 254.495 44.117 100.0 2004.891 280.47 996.889 7.049 325.923 50.47 8.746 5.433 20.581 15.628 9.495 17.408 30.554
-1.0 0.25 2.0 -3.5 3.0 0.06 9.147 30.459 0.347 248.704 44.815 100.0 1972.095 281.363 1027.908 8.376 345.638 49.974 8.692 5.849 24.708 15.571 10.299 20.898 30.434
-1.0 0.4 2.0 -3.5 3.0 0.06 9.147 29.812 0.335 239.694 45.555 100.0 1918.671 282.522 1075.7 12.465 371.894 49.103 8.612 6.574 30.937 15.481 11.505 26.166 30.222
-1.0 0.1 2.0 -3.0 3.0 0.06 9.147 37.965 5.531 335.441 123.643 100.0 568.334 282.421 1531.549 25.776 427.274 46.074 8.778 8.975 35.89 15.533 5.445 30.356 30.904
-1.0 0.25 2.0 -3.0 3.0 0.06 9.147 37.288 5.613 326.088 128.237 100.0 546.444 283.103 1534.94 27.264 447.008 45.473 8.738 9.199 38.932 15.454 6.536 32.929 30.822
-1.0 0.4 2.0 -3.0 3.0 0.06 9.147 36.385 5.711 313.143 134.173 100.0 513.999 284.078 1534.277 29.716 473.582 44.531 8.678 9.573 43.489 15.331 8.184 36.783 30.686
-1.0 0.1 2.0 -2.0 3.0 0.06 9.147 29.319 484.577 609.619 613.959 100.0 3340.174 278.068 362.947 5.432 288.973 34.218 8.417 1.969 10.342 14.933 2.736 8.748 29.018
-1.0 0.25 2.0 -2.0 3.0 0.06 9.147 28.601 506.285 572.589 652.929 100.0 3290.204 280.35 456.009 45.852 302.072 33.571 8.306 3.167 17.832 14.79 4.718 15.083 28.822
-1.0 0.4 2.0 -2.0 3.0 0.06 9.147 27.832 523.608 523.279 692.696 100.0 3164.591 283.541 580.445 129.491 315.555 32.555 8.153 4.789 27.532 14.598 7.283 23.286 28.546
-1.0 0.1 2.0 -1.0 3.0 0.06 9.147 16.896 1020.709 792.606 645.247 100.0 1522.813 289.534 371.652 99.134 146.131 14.9 7.284 2.494 16.298 13.718 4.311 13.785 26.578
-1.0 0.25 2.0 -1.0 3.0 0.06 9.147 17.239 846.081 609.314 597.285 100.0 1272.856 295.791 530.276 356.762 194.087 16.207 7.053 6.31 37.345 13.475 9.879 31.586 26.321
-1.0 0.4 2.0 -1.0 3.0 0.06 9.147 17.697 685.682 457.788 545.275 100.0 1039.42 301.656 681.397 581.624 252.441 16.989 6.783 9.893 56.827 13.18 15.033 48.064 25.845
-1.7 0.1 2.0 -4.0 4.0 0.006 8.147 17.931 0.006 38.293 11.984 100.0 18.234 284.163 43.274 3.514 23.487 105.015 8.608 1.293 2.225 15.362 0.589 1.882 30.219
-1.7 0.25 2.0 -4.0 4.0 0.006 8.147 19.003 0.007 43.912 12.162 100.0 18.34 285.632 42.792 3.622 24.557 102.877 8.568 1.383 2.745 15.32 0.726 2.322 30.197
-1.7 0.4 2.0 -4.0 4.0 0.006 8.147 18.604 0.008 50.462 12.267 100.0 18.238 287.333 42.121 3.799 26.867 99.932 8.509 1.538 3.599 15.255 0.952 3.044 30.13
-1.7 0.1 2.0 -3.5 4.0 0.006 8.147 21.796 0.162 53.515 38.252 100.0 477.766 282.518 23.119 0.164 44.694 110.484 8.443 0.747 0.743 15.169 0.317 0.628 29.41
-1.7 0.25 2.0 -3.5 4.0 0.006 8.147 21.677 0.192 62.251 40.039 100.0 497.039 283.789 24.328 0.178 46.638 107.113 8.372 0.905 1.605 15.1 0.509 1.357 29.266
-1.7 0.4 2.0 -3.5 4.0 0.006 8.147 20.691 0.229 72.298 41.774 100.0 511.097 285.585 26.12 0.205 50.291 102.823 8.283 1.103 2.658 15.019 0.779 2.248 29.106
-1.7 0.1 2.0 -3.0 4.0 0.006 8.147 22.704 2.331 60.52 79.542 100.0 153.821 283.623 39.704 0.833 64.348 114.225 8.506 1.036 1.197 15.025 0.197 1.012 29.765
-1.7 0.25 2.0 -3.0 4.0 0.006 8.147 22.055 2.895 72.304 88.786 100.0 158.041 285.177 39.651 0.866 67.573 110.829 8.445 1.16 1.923 14.942 0.424 1.627 29.676
-1.7 0.4 2.0 -3.0 4.0 0.006 8.147 20.972 3.648 85.569 98.807 100.0 161.163 286.868 39.828 0.927 71.678 105.851 8.372 1.345 2.944 14.845 0.703 2.49 29.557
-1.7 0.1 2.0 -2.0 4.0 0.006 8.147 19.535 53.339 75.833 149.295 100.0 936.523 279.305 5.553 0.007 54.825 110.794 8.356 0.248 0.542 14.821 0.143 0.458 28.825
-1.7 0.25 2.0 -2.0 4.0 0.006 8.147 18.262 73.701 92.459 180.228 100.0 981.28 280.796 8.395 0.024 55.658 107.6 8.258 0.437 1.388 14.7 0.367 1.174 28.628
-1.7 0.4 2.0 -2.0 4.0 0.006 8.147 16.558 99.052 109.849 211.87 100.0 993.744 283.303 11.075 0.318 55.33 101.21 8.13 0.645 2.306 14.563 0.61 1.951 28.439
-1.7 0.1 2.0 -1.0 4.0 0.006 8.147 10.364 199.658 158.244 111.24 100.0 1163.317 277.099 2.661 0.669 19.685 85.574 8.173 0.207 0.829 14.496 0.219 0.701 27.966
-1.7 0.25 2.0 -1.0 4.0 0.006 8.147 9.024 292.262 188.793 135.153 100.0 1144.619 280.116 5.165 9.33 24.305 79.945 7.971 0.615 2.602 14.234 0.688 2.201 27.519
-1.7 0.4 2.0 -1.0 4.0 0.006 8.147 7.575 365.278 216.383 153.371 100.0 1038.777 284.3 7.985 23.286 32.454 70.843 7.7 1.151 4.98 13.917 1.317 4.212 26.929
-1.0 0.1 2.0 -4.0 4.0 0.006 8.147 12.72 0.015 147.322 15.268 100.0 17.089 299.937 46.778 9.073 46.73 93.938 7.92 2.282 7.054 14.598 1.866 5.966 28.656
-1.0 0.25 2.0 -4.0 4.0 0.006 8.147 12.394 0.015 141.379 14.407 100.0 15.556 300.564 45.372 9.228 50.779 90.818 7.906 2.381 7.709 14.581 2.039 6.52 28.69
-1.0 0.4 2.0 -4.0 4.0 0.006 8.147 11.771 0.014 132.712 13.256 100.0 13.579 301.398 43.313 9.412 55.838 86.218 7.888 2.514 8.605 14.562 2.276 7.278 28.754
-1.0 0.1 2.0 -3.5 4.0 0.006 8.147 15.61 0.685 215.648 62.446 100.0 655.539 299.152 29.844 0.426 67.543 86.242 7.426 0.904 2.579 14.329 1.151 2.181 27.107
-1.0 0.25 2.0 -3.5 4.0 0.006 8.147 15.014 0.637 205.423 58.521 100.0 608.588 300.515 30.733 0.481 70.771 82.852 7.412 1.093 3.589 14.316 1.37 3.036 27.208
-1.0 0.4 2.0 -3.5 4.0 0.006 8.147 14.003 0.572 190.482 53.085 100.0 544.397 302.25 31.724 0.608 74.43 77.927 7.399 1.353 4.925 14.306 1.675 4.165 27.353
-1.0 0.1 2.0 -3.0 4.0 0.006 8.147 17.306 17.165 272.947 197.323 100.0 202.017 300.311 46.682 2.165 82.395 79.698 7.691 1.533 4.353 14.021 0.682 3.681 27.925
-1.0 0.25 2.0 -3.0 4.0 0.006 8.147 16.455 16.157 257.625 185.155 100.0 185.515 301.242 45.862 2.252 83.559 75.667 7.678 1.668 5.18 14.017 0.95 4.381 27.986
-1.0 0.4 2.0 -3.0 4.0 0.006 8.147 15.22 14.669 236.473 167.895 100.0 163.279 302.42 44.529 2.386 84.58 70.171 7.664 1.861 6.331 14.013 1.303 5.355 28.09
-1.0 0.1 2.0 -2.0 4.0 0.006 8.147 11.141 354.394 374.948 377.592 100.0 897.604 290.622 8.722 0.031 37.532 68.226 7.14 0.335 1.179 13.583 0.312 0.997 25.938
-1.0 0.25 2.0 -2.0 4.0 0.006 8.147 10.173 322.863 336.807 345.26 100.0 802.958 293.84 11.596 1.333 38.248 61.822 7.094 0.63 2.472 13.581 0.654 2.091 26.152
-1.0 0.4 2.0 -2.0 4.0 0.006 8.147 9.164 288.029 296.147 309.055 100.0 697.683 297.314 14.225 8.294 40.081 54.935 7.013 0.967 3.968 13.524 1.05 3.357 26.213
-1.0 0.1 2.0 -1.0 4.0 0.006 8.147 3.494 433.15 539.246 146.146 100.0 421.717 289.826 4.39 5.525 13.905 28.302 6.28 0.416 1.76 12.637 0.466 1.488 23.818
-1.0 0.25 2.0 -1.0 4.0 0.006 8.147 3.166 339.717 444.503 120.893 100.0 347.736 294.443 8.036 24.437 26.578 25.286 6.153 1.11 4.889 12.539 1.293 4.135 23.779
-1.0 0.4 2.0 -1.0 4.0 0.006 8.147 2.917 256.056 365.5 97.693 100.0 283.238 299.024 11.592 46.805 41.273 22.761 5.989 1.834 8.138 12.384 2.153 6.883 23.553
-1.7 0.1 2.0 -4.0 4.0 0.008 8.272 19.025 0.007 38.347 14.458 100.0 23.152 283.499 66.655 4.645 30.545 104.156 8.644 1.696 2.93 15.407 0.775 2.478 30.316
-1.7 0.25 2.0 -4.0 4.0 0.008 8.272 20.108 0.008 44.09 14.767 100.0 23.379 284.878 66.109 4.797 31.906 102.336 8.606 1.802 3.538 15.367 0.936 2.993 30.295
-1.7 0.4 2.0 -4.0 4.0 0.008 8.272 19.771 0.01 50.817 15.056 100.0 23.393 286.516 65.31 5.036 34.781 99.726 8.549 1.984 4.554 15.304 1.205 3.852 30.228
-1.7 0.1 2.0 -3.5 4.0 0.008 8.272 23.084 0.182 53.777 43.893 100.0 572.724 281.724 35.28 0.217 57.409 109.03 8.516 0.962 0.947 15.238 0.412 0.801 29.634
-1.7 0.25 2.0 -3.5 4.0 0.008 8.272 23.016 0.217 62.703 46.323 100.0 600.92 282.829 37.11 0.236 59.95 106.089 8.449 1.158 2.012 15.172 0.642 1.702 29.483
-1.7 0.4 2.0 -3.5 4.0 0.008 8.272 22.123 0.26 73.024 48.88 100.0 624.958 284.428 39.858 0.276 64.765 102.258 8.362 1.405 3.322 15.09 0.975 2.81 29.304
-1.7 0.1 2.0 -3.0 4.0 0.008 8.272 23.911 2.467 61.197 84.843 100.0 190.134 282.828 60.74 1.099 81.146 111.709 8.559 1.349 1.558 15.128 0.25 1.318 29.916
-1.7 0.25 2.0 -3.0 4.0 0.008 8.272 23.316 3.067 73.258 95.858 100.0 196.371 284.255 60.826 1.144 85.657 108.874 8.502 1.497 2.428 15.044 0.532 2.053 29.828
-1.7 0.4 2.0 -3.0 4.0 0.008 8.272 22.325 3.894 86.915 108.562 100.0 201.686 285.851 61.292 1.229 91.545 104.612 8.43 1.724 3.686 14.941 0.879 3.117 29.7
-1.7 0.1 2.0 -2.0 4.0 0.008 8.272 20.522 52.488 79.264 155.381 100.0 1101.393 278.785 8.553 0.011 68.888 107.28 8.435 0.323 0.682 14.941 0.181 0.577 29.089
-1.7 0.25 2.0 -2.0 4.0 0.008 8.272 19.256 74.567 97.074 191.154 100.0 1168.055 280.047 12.58 0.05 70.711 104.885 8.337 0.56 1.737 14.809 0.46 1.47 28.853
-1.7 0.4 2.0 -2.0 4.0 0.008 8.272 17.567 103.532 116.018 229.818 100.0 1199.76 282.294 16.495 1.036 71.182 99.468 8.209 0.829 2.933 14.658 0.776 2.481 28.618
-1.7 0.1 2.0 -1.0 4.0 0.008 8.272 10.543 214.118 176.987 126.489 100.0 1375.855 276.838 4.158 1.717 26.738 85.007 8.223 0.29 1.133 14.569 0.3 0.958 28.127
-1.7 0.25 2.0 -1.0 4.0 0.008 8.272 9.083 316.768 208.967 155.194 100.0 1348.364 280.134 8.072 17.11 33.061 78.38 8.004 0.852 3.574 14.277 0.945 3.023 27.629
-1.7 0.4 2.0 -1.0 4.0 0.008 8.272 7.579 398.398 235.948 178.102 100.0 1208.718 284.69 12.65 40.322 43.846 68.065 7.719 1.568 6.751 13.937 1.786 5.71 27.001
-1.0 0.1 2.0 -4.0 4.0 0.008 8.272 14.324 0.019 148.578 19.552 100.0 22.333 298.931 73.166 12.105 60.978 94.273 7.963 2.96 9.093 14.642 2.406 7.691 28.75
-1.0 0.25 2.0 -4.0 4.0 0.008 8.272 13.959 0.018 143.011 18.544 100.0 20.424 299.577 71.149 12.341 66.221 91.37 7.945 3.079 9.898 14.62 2.619 8.372 28.767
-1.0 0.4 2.0 -4.0 4.0 0.008 8.272 13.296 0.017 134.824 17.139 100.0 17.916 300.4 68.127 12.636 72.836 87.058 7.925 3.242 11.014 14.596 2.914 9.316 28.812
-1.0 0.1 2.0 -3.5 4.0 0.008 8.272 17.879 0.826 217.792 77.884 100.0 842.215 297.247 46.871 0.591 88.761 86.588 7.552 1.182 3.357 14.395 1.489 2.84 27.354
-1.0 0.25 2.0 -3.5 4.0 0.008 8.272 17.242 0.772 208.085 73.334 100.0 785.767 298.665 48.213 0.676 93.083 83.404 7.526 1.415 4.616 14.376 1.761 3.904 27.411
-1.0 0.4 2.0 -3.5 4.0 0.008 8.272 16.199 0.699 193.911 67.063 100.0 708.776 300.503 49.732 0.899 98.128 78.777 7.496 1.739 6.285 14.351 2.144 5.316 27.496
-1.0 0.1 2.0 -3.0 4.0 0.008 8.272 19.76 19.865 278.182 238.562 100.0 260.787 298.935 72.967 2.918 108.865 80.28 7.761 1.996 5.63 14.135 0.888 4.762 28.065
-1.0 0.25 2.0 -3.0 4.0 0.008 8.272 18.903 18.812 263.498 225.29 100.0 240.317 299.891 71.822 3.05 110.667 76.492 7.742 2.16 6.656 14.115 1.221 5.63 28.104
-1.0 0.4 2.0 -3.0 4.0 0.008 8.272 17.666 17.309 243.127 206.68 100.0 212.904 301.111 69.956 3.259 112.409 71.317 7.718 2.401 8.106 14.091 1.663 6.856 28.165
-1.0 0.1 2.0 -2.0 4.0 0.008 8.272 12.103 409.153 395.813 444.513 100.0 1114.408 289.243 13.766 0.061 49.966 66.696 7.288 0.438 1.54 13.714 0.407 1.303 26.23
-1.0 0.25 2.0 -2.0 4.0 0.008 8.272 11.178 376.342 357.053 410.778 100.0 1002.598 292.582 17.871 3.306 51.063 60.759 7.222 0.818 3.214 13.687 0.85 2.718 26.376
-1.0 0.4 2.0 -2.0 4.0 0.008 8.272 10.13 336.698 313.193 369.163 100.0 870.325 296.37 21.72 15.345 53.239 54.045 7.124 1.252 5.146 13.61 1.361 4.353 26.406
-1.0 0.1 2.0 -1.0 4.0 0.008 8.272 3.79 476.903 556.845 181.666 100.0 459.875 290.912 7.184 10.078 18.62 25.216 6.315 0.558 2.381 12.691 0.63 2.014 23.958
-1.0 0.25 2.0 -1.0 4.0 0.008 8.272 3.546 374.276 453.158 150.344 100.0 374.36 295.81 12.925 40.927 35.167 22.774 6.18 1.469 6.484 12.58 1.715 5.484 23.903
-1.0 0.4 2.0 -1.0 4.0 0.008 8.272 3.375 283.345 367.492 121.723 100.0 300.095 300.55 18.533 76.921 54.111 20.682 5.999 2.411 10.717 12.408 2.835 9.065 23.641
-1.7 0.1 2.0 -4.0 4.0 0.01 8.369 19.935 0.008 38.366 16.289 100.0 27.504 282.934 93.694 5.744 37.194 103.176 8.677 2.084 3.627 15.451 0.959 3.067 30.412
-1.7 0.25 2.0 -4.0 4.0 0.01 8.369 21.013 0.009 44.202 16.755 100.0 27.884 284.215 93.19 5.941 38.856 101.615 8.642 2.204 4.306 15.413 1.139 3.642 30.391
-1.7 0.4 2.0 -4.0 4.0 0.01 8.369 20.739 0.011 51.071 17.222 100.0 28.03 285.786 92.345 6.247 42.222 99.331 8.586 2.41 5.454 15.351 1.443 4.613 30.322
-1.7 0.1 2.0 -3.5 4.0 0.01 8.369 24.118 0.193 53.966 47.214 100.0 645.787 281.162 49.152 0.269 69.069 107.454 8.576 1.164 1.139 15.301 0.506 0.963 29.829
-1.7 0.25 2.0 -3.5 4.0 0.01 8.369 24.096 0.23 63.026 50.224 100.0 682.618 282.125 51.646 0.294 72.185 104.874 8.512 1.39 2.374 15.237 0.767 2.008 29.674
-1.7 0.4 2.0 -3.5 4.0 0.01 8.369 23.287 0.278 73.532 53.559 100.0 716.024 283.555 55.548 0.346 78.101 101.416 8.427 1.68 3.911 15.154 1.152 3.308 29.482
-1.7 0.1 2.0 -3.0 4.0 0.01 8.369 24.954 2.507 61.717 85.793 100.0 220.277 282.196 84.794 1.357 96.052 109.104 8.606 1.647 1.914 15.215 0.301 1.619 30.056
-1.7 0.25 2.0 -3.0 4.0 0.01 8.369 24.365 3.105 73.969 97.865 100.0 228.604 283.522 85.123 1.415 101.821 106.747 8.552 1.814 2.898 15.131 0.628 2.451 29.968
-1.7 0.4 2.0 -3.0 4.0 0.01 8.369 23.445 3.938 87.976 112.263 100.0 236.217 285.027 86.006 1.523 109.468 103.058 8.482 2.076 4.356 15.025 1.035 3.684 29.836
-1.7 0.1 2.0 -2.0 4.0 0.01 8.369 21.549 50.776 82.286 156.851 100.0 1233.682 278.453 12.064 0.015 81.709 104.111 8.496 0.395 0.809 15.037 0.214 0.684 29.303
-1.7 0.25 2.0 -2.0 4.0 0.01 8.369 20.264 73.622 101.052 195.731 100.0 1320.651 279.535 17.39 0.092 84.609 102.298 8.398 0.675 2.06 14.898 0.545 1.742 29.039
-1.7 0.4 2.0 -2.0 4.0 0.01 8.369 18.557 104.859 121.273 240.0 100.0 1372.053 281.584 22.732 2.224 86.062 97.592 8.27 1.002 3.516 14.735 0.93 2.974 28.768
-1.7 0.1 2.0 -1.0 4.0 0.01 8.369 10.898 227.216 193.397 138.911 100.0 1556.893 276.634 6.002 3.138 33.813 84.253 8.261 0.374 1.441 14.624 0.381 1.218 28.249
-1.7 0.25 2.0 -1.0 4.0 0.01 8.369 9.295 336.599 226.029 171.752 100.0 1519.414 280.17 11.661 26.084 41.736 76.782 8.027 1.086 4.527 14.306 1.198 3.829 27.708
-1.7 0.4 2.0 -1.0 4.0 0.01 8.369 7.721 423.299 251.99 198.764 100.0 1347.232 285.011 18.447 59.381 54.911 65.612 7.729 1.972 8.473 13.946 2.242 7.167 27.046
-1.0 0.1 2.0 -4.0 4.0 0.01 8.369 15.8 0.022 149.699 23.453 100.0 27.362 297.969 104.553 15.122 74.683 94.526 8.004 3.609 11.038 14.685 2.92 9.336 28.841
-1.0 0.25 2.0 -4.0 4.0 0.01 8.369 15.405 0.021 144.404 22.314 100.0 25.095 298.62 101.813 15.436 81.004 91.762 7.984 3.743 11.969 14.66 3.166 10.123 28.85
-1.0 0.4 2.0 -4.0 4.0 0.01 8.369 14.707 0.02 136.515 20.69 100.0 22.08 299.456 97.67 15.844 89.015 87.648 7.961 3.929 13.27 14.632 3.511 11.224 28.882
-1.0 0.1 2.0 -3.5 4.0 0.01 8.369 19.888 0.931 219.642 90.796 100.0 1012.995 295.508 67.118 0.764 109.259 86.826 7.662 1.449 4.103 14.458 1.813 3.47 27.576
-1.0 0.25 2.0 -3.5 4.0 0.01 8.369 19.24 0.876 210.347 85.936 100.0 948.798 296.983 68.993 0.887 114.668 83.809 7.627 1.72 5.583 14.433 2.13 4.722 27.6
-1.0 0.4 2.0 -3.5 4.0 0.01 8.369 18.17 0.793 196.565 78.915 100.0 860.311 298.912 71.103 1.235 121.001 79.375 7.585 2.1 7.552 14.399 2.585 6.387 27.646
-1.0 0.1 2.0 -3.0 4.0 0.01 8.369 21.854 21.57 282.6 270.344 100.0 314.96 297.631 104.118 3.681 134.521 80.647 7.827 2.441 6.853 14.236 1.085 5.796 28.203
-1.0 0.25 2.0 -3.0 4.0 0.01 8.369 21.025 20.551 268.405 256.848 100.0 291.321 298.617 102.642 3.86 137.023 77.033 7.803 2.63 8.053 14.205 1.477 6.811 28.222
-1.0 0.4 2.0 -3.0 4.0 0.01 8.369 19.791 19.057 248.515 237.451 100.0 258.247 299.9 100.208 4.155 139.471 72.071 7.772 2.911 9.771 14.166 1.998 8.265 28.255
-1.0 0.1 2.0 -2.0 4.0 0.01 8.369 13.001 449.467 413.059 496.948 100.0 1305.516 288.112 19.842 0.11 62.317 65.15 7.409 0.536 1.892 13.824 0.501 1.6 26.478
-1.0 0.25 2.0 -2.0 4.0 0.01 8.369 12.129 417.308 374.444 463.859 100.0 1182.564 291.481 25.397 5.877 63.891 59.715 7.328 0.996 3.924 13.776 1.038 3.319 26.563
-1.0 0.4 2.0 -2.0 4.0 0.01 8.369 11.059 375.069 328.112 419.169 100.0 1027.122 295.511 30.685 23.236 66.312 53.214 7.216 1.518 6.261 13.683 1.656 5.296 26.566
-1.0 0.1 2.0 -1.0 4.0 0.01 8.369 4.214 510.963 569.048 214.005 100.0 495.199 291.722 10.814 15.228 23.384 23.242 6.359 0.692 2.982 12.746 0.789 2.522 24.104
-1.0 0.25 2.0 -1.0 4.0 0.01 8.369 4.021 402.02 458.767 177.508 100.0 399.912 296.828 19.047 58.95 43.448 21.258 6.217 1.809 8.014 12.624 2.12 6.778 24.029
-1.0 0.4 2.0 -1.0 4.0 0.01 8.369 3.9 306.358 368.427 144.499 100.0 317.816 301.772 27.064 109.484 66.314 19.507 6.027 2.958 13.172 12.442 3.485 11.141 23.748
-1.7 0.1 2.0 -4.0 4.0 0.014 8.515 21.357 0.008 38.32 18.345 100.0 34.565 282.021 156.879 7.823 49.207 100.915 8.739 2.818 4.997 15.535 1.322 4.227 30.602
-1.7 0.25 2.0 -4.0 4.0 0.014 8.515 22.366 0.01 44.304 19.079 100.0 35.273 283.134 156.794 8.118 51.456 99.817 8.706 2.96 5.788 15.498 1.531 4.896 30.578
-1.7 0.4 2.0 -4.0 4.0 0.014 8.515 22.208 0.012 51.359 19.908 100.0 35.751 284.591 156.166 8.552 55.71 98.012 8.653 3.201 7.134 15.438 1.887 6.034 30.51
-1.7 0.1 2.0 -3.5 4.0 0.014 8.515 25.669 0.199 54.186 48.983 100.0 747.495 280.451 81.196 0.369 89.388 104.078 8.669 1.532 1.495 15.414 0.692 1.264 30.16
-1.7 0.25 2.0 -3.5 4.0 0.014 8.515 25.728 0.238 63.423 52.825 100.0 797.24 281.228 85.24 0.404 93.593 102.056 8.609 1.805 3.001 15.353 0.996 2.538 29.998
-1.7 0.4 2.0 -3.5 4.0 0.014 8.515 25.033 0.289 74.227 57.336 100.0 847.766 282.378 91.82 0.483 101.515 99.283 8.528 2.166 4.921 15.269 1.468 4.162 29.786
-1.7 0.1 2.0 -3.0 4.0 0.014 8.515 26.783 2.498 62.492 81.707 100.0 264.577 281.287 140.227 1.848 121.444 104.125 8.685 2.201 2.616 15.359 0.395 2.212 30.313
-1.7 0.25 2.0 -3.0 4.0 0.014 8.515 26.207 3.03 75.019 94.302 100.0 276.774 282.453 141.357 1.93 129.396 102.427 8.636 2.394 3.767 15.276 0.794 3.186 30.226
-1.7 0.4 2.0 -3.0 4.0 0.014 8.515 25.327 3.792 89.525 110.312 100.0 288.894 283.775 143.516 2.084 140.441 99.646 8.569 2.713 5.549 15.164 1.302 4.693 30.085
-1.7 0.1 2.0 -2.0 4.0 0.014 8.515 23.683 47.023 87.51 153.465 100.0 1433.165 278.092 20.498 0.025 104.462 98.679 8.587 0.529 1.031 15.187 0.273 0.872 29.643
-1.7 0.25 2.0 -2.0 4.0 0.014 8.515 22.296 69.944 107.762 195.692 100.0 1554.688 278.927 28.699 0.257 109.578 97.588 8.489 0.889 2.649 15.036 0.701 2.241 29.341
-1.7 0.4 2.0 -2.0 4.0 0.014 8.515 20.537 103.362 130.119 247.456 100.0 1645.653 280.624 37.477 5.42 113.409 94.024 8.361 1.319 4.577 14.857 1.211 3.871 29.01
-1.7 0.1 2.0 -1.0 4.0 0.014 8.515 11.865 251.215 221.14 157.402 100.0 1848.134 276.334 10.754 6.657 47.816 82.388 8.316 0.543 2.051 14.707 0.543 1.735 28.431
-1.7 0.25 2.0 -1.0 4.0 0.014 8.515 9.94 368.346 253.733 197.556 100.0 1791.518 280.257 20.946 45.805 58.586 73.695 8.056 1.536 6.37 14.344 1.685 5.388 27.815
-1.7 0.4 2.0 -1.0 4.0 0.014 8.515 8.222 460.272 276.42 232.499 100.0 1564.857 285.521 33.491 99.792 75.922 61.506 7.738 2.732 11.717 13.95 3.1 9.91 27.091
-1.0 0.1 2.0 -4.0 4.0 0.014 8.515 18.35 0.027 151.679 30.027 100.0 36.836 296.092 181.211 21.04 100.451 94.79 8.084 4.828 14.676 14.768 3.882 12.413 29.024
-1.0 0.25 2.0 -4.0 4.0 0.014 8.515 17.903 0.026 146.593 28.646 100.0 33.84 296.776 176.652 21.508 108.565 92.203 8.063 4.98 15.808 14.742 4.182 13.371 29.029
-1.0 0.4 2.0 -4.0 4.0 0.014 8.515 17.175 0.025 139.252 26.761 100.0 29.961 297.645 170.057 22.161 119.142 88.421 8.034 5.201 17.424 14.706 4.609 14.737 29.032
-1.0 0.1 2.0 -3.5 4.0 0.014 8.515 23.222 1.057 222.709 110.061 100.0 1309.827 292.502 116.377 1.133 148.022 87.027 7.846 1.95 5.504 14.575 2.423 4.655 27.959
-1.0 0.25 2.0 -3.5 4.0 0.014 8.515 22.569 1.003 213.945 104.908 100.0 1234.913 294.027 119.432 1.347 155.438 84.258 7.801 2.282 7.361 14.541 2.818 6.226 27.942
-1.0 0.4 2.0 -3.5 4.0 0.014 8.515 21.526 0.92 201.059 97.512 100.0 1128.318 296.087 123.251 2.047 164.441 80.204 7.741 2.761 9.873 14.49 3.395 8.351 27.922
-1.0 0.1 2.0 -3.0 4.0 0.014 8.515 25.193 22.899 289.415 311.452 100.0 410.07 295.271 179.973 5.221 182.891 80.917 7.946 3.28 9.158 14.41 1.456 7.746 28.458
-1.0 0.25 2.0 -3.0 4.0 0.014 8.515 24.424 22.043 275.846 298.83 100.0 381.182 296.288 177.734 5.502 186.842 77.63 7.916 3.507 10.653 14.364 1.947 9.01 28.453
-1.0 0.4 2.0 -3.0 4.0 0.014 8.515 23.27 20.651 257.072 279.591 100.0 340.743 297.632 174.165 5.99 191.053 73.029 7.873 3.855 12.834 14.302 2.612 10.855 28.436
-1.0 0.1 2.0 -2.0 4.0 0.014 8.515 14.674 504.014 440.38 573.929 100.0 1631.728 286.333 34.998 0.288 86.72 62.321 7.592 0.72 2.577 13.996 0.682 2.18 26.874
-1.0 0.25 2.0 -2.0 4.0 0.014 8.515 13.912 474.791 402.03 544.424 100.0 1493.261 289.723 44.022 11.914 89.247 57.655 7.493 1.318 5.243 13.919 1.387 4.434 26.872
-1.0 0.4 2.0 -2.0 4.0 0.014 8.515 12.851 431.013 352.733 497.876 100.0 1303.378 294.052 53.015 39.761 92.206 51.718 7.361 2.005 8.327 13.801 2.203 7.043 26.824
-1.0 0.1 2.0 -1.0 4.0 0.014 8.515 5.267 563.814 585.031 270.852 100.0 563.761 292.765 20.743 26.246 33.211 21.014 6.455 0.939 4.128 12.854 1.092 3.492 24.387
-1.0 0.25 2.0 -1.0 4.0 0.014 8.515 5.119 446.005 465.387 225.996 100.0 451.445 298.16 34.998 96.466 59.333 19.67 6.297 2.438 10.875 12.704 2.877 9.198 24.261
-1.0 0.4 2.0 -1.0 4.0 0.014 8.515 5.038 344.41 368.677 186.172 100.0 355.736 303.389 48.797 177.125 89.084 18.391 6.091 3.976 17.78 12.504 4.704 15.038 23.94
-1.7 0.1 2.0 -4.0 4.0 0.02 8.67 22.797 0.008 41.217 18.452 100.0 41.644 280.845 267.93 10.635 63.593 121.56 8.821 3.751 6.683 15.65 1.768 5.653 30.869
-1.7 0.25 2.0 -4.0 4.0 0.02 8.67 23.897 0.01 47.98 19.678 100.0 43.14 281.776 269.953 11.084 66.687 120.906 8.79 3.938 7.644 15.612 2.022 6.465 30.834
-1.7 0.4 2.0 -4.0 4.0 0.02 8.67 23.912 0.013 56.06 21.082 100.0 44.478 283.04 271.129 11.733 72.106 119.558 8.739 4.249 9.299 15.55 2.46 7.865 30.756
-1.7 0.1 2.0 -3.5 4.0 0.02 8.67 27.664 0.189 56.856 45.675 100.0 840.098 279.684 137.689 0.519 113.882 125.552 8.777 2.035 1.939 15.559 0.921 1.64 30.563
-1.7 0.25 2.0 -3.5 4.0 0.02 8.67 27.836 0.228 67.089 50.644 100.0 910.55 280.253 144.455 0.57 119.718 124.105 8.721 2.376 3.768 15.497 1.288 3.187 30.391
-1.7 0.4 2.0 -3.5 4.0 0.02 8.67 27.301 0.28 79.207 56.809 100.0 989.188 281.102 156.164 0.687 130.21 121.888 8.642 2.84 6.156 15.41 1.871 5.206 30.155
-1.7 0.1 2.0 -3.0 4.0 0.02 8.67 29.619 2.401 65.299 71.009 100.0 304.267 280.228 236.845 2.54 152.403 124.375 8.785 2.921 3.482 15.531 0.513 2.945 30.649
-1.7 0.25 2.0 -3.0 4.0 0.02 8.67 29.049 2.866 78.93 84.195 100.0 323.496 281.176 240.464 2.66 163.056 123.514 8.739 3.166 4.87 15.446 0.997 4.119 30.553
-1.7 0.4 2.0 -3.0 4.0 0.02 8.67 28.222 3.546 94.986 102.173 100.0 344.379 282.271 246.073 2.881 178.275 121.708 8.674 3.575 7.074 15.329 1.628 5.983 30.399
-1.7 0.1 2.0 -2.0 4.0 0.02 8.67 27.516 42.958 96.152 142.573 100.0 1647.099 277.828 35.625 0.041 134.662 116.447 8.691 0.725 1.297 15.363 0.343 1.097 30.055
-1.7 0.25 2.0 -2.0 4.0 0.02 8.67 26.002 66.441 119.24 190.681 100.0 1828.844 278.399 48.651 0.685 142.887 116.768 8.593 1.196 3.391 15.202 0.897 2.868 29.72
-1.7 0.4 2.0 -2.0 4.0 0.02 8.67 24.091 102.886 145.234 253.596 100.0 1990.85 279.731 63.662 9.875 150.143 114.5 8.465 1.77 5.938 15.01 1.571 5.022 29.342
-1.7 0.1 2.0 -1.0 4.0 0.02 8.67 14.21 288.5 262.577 176.005 100.0 2273.764 276.046 19.647 11.253 67.98 100.473 8.393 0.781 2.875 14.83 0.761 2.431 28.71
-1.7 0.25 2.0 -1.0 4.0 0.02 8.67 11.814 428.881 300.165 232.127 100.0 2265.192 280.015 38.316 68.233 82.554 90.975 8.113 2.19 8.956 14.423 2.369 7.575 28.008
-1.7 0.4 2.0 -1.0 4.0 0.02 8.67 9.816 543.661 325.149 285.261 100.0 2033.477 285.356 62.005 144.704 105.405 76.816 7.781 3.867 16.4 13.989 4.338 13.871 27.206
-1.0 0.1 2.0 -4.0 4.0 0.02 8.67 22.065 0.035 171.162 38.964 100.0 53.678 293.443 330.034 29.053 131.008 119.666 8.187 6.463 19.044 14.874 5.038 16.108 29.24
-1.0 0.25 2.0 -4.0 4.0 0.02 8.67 21.604 0.034 166.01 37.42 100.0 49.643 294.172 322.654 29.794 141.107 116.601 8.162 6.662 20.512 14.842 5.426 17.349 29.225
-1.0 0.4 2.0 -4.0 4.0 0.02 8.67 20.835 0.033 158.376 35.182 100.0 44.224 295.136 311.572 30.838 154.299 112.061 8.127 6.949 22.615 14.798 5.983 19.127 29.207
-1.0 0.1 2.0 -3.5 4.0 0.02 8.67 28.388 1.289 248.526 140.177 100.0 1800.818 288.508 204.328 1.593 198.863 113.352 8.051 2.677 7.042 14.722 3.108 5.956 28.383
-1.0 0.25 2.0 -3.5 4.0 0.02 8.67 27.783 1.241 239.802 135.073 100.0 1714.998 290.096 210.458 1.958 208.33 109.915 7.993 3.113 9.473 14.678 3.621 8.012 28.318
-1.0 0.4 2.0 -3.5 4.0 0.02 8.67 26.774 1.167 226.891 127.528 100.0 1592.339 292.205 217.9 3.305 219.988 104.887 7.918 3.746 12.782 14.612 4.372 10.811 28.234
-1.0 0.1 2.0 -3.0 4.0 0.02 8.67 30.494 25.738 320.833 379.129 100.0 588.461 291.849 322.207 7.167 248.773 109.208 8.095 4.433 11.748 14.608 1.863 9.937 28.762
-1.0 0.25 2.0 -3.0 4.0 0.02 8.67 29.879 25.24 307.69 369.711 100.0 552.092 292.94 319.279 7.609 254.312 105.026 8.057 4.728 13.686 14.545 2.506 11.576 28.729
-1.0 0.4 2.0 -3.0 4.0 0.02 8.67 28.856 24.248 288.899 353.651 100.0 501.837 294.372 314.166 8.389 260.336 99.254 8.004 5.181 16.526 14.461 3.381 13.978 28.668
-1.0 0.1 2.0 -2.0 4.0 0.02 8.67 18.138 620.184 510.003 721.851 100.0 2292.354 283.668 61.517 0.684 125.157 85.627 7.805 1.026 3.438 14.209 0.909 2.908 27.357
-1.0 0.25 2.0 -2.0 4.0 0.02 8.67 17.431 594.205 469.305 701.674 100.0 2138.977 287.003 77.874 19.956 128.322 79.722 7.69 1.855 7.122 14.103 1.884 6.024 27.275
-1.0 0.4 2.0 -2.0 4.0 0.02 8.67 16.422 552.034 415.924 662.229 100.0 1913.357 291.399 95.163 59.834 132.033 72.032 7.537 2.836 11.497 13.954 3.042 9.724 27.14
-1.0 0.1 2.0 -1.0 4.0 0.02 8.67 7.292 779.352 718.697 403.607 100.0 884.568 291.901 39.838 41.264 49.663 30.276 6.599 1.407 6.078 12.983 1.608 5.14 24.717
-1.0 0.25 2.0 -1.0 4.0 0.02 8.67 7.194 612.387 559.985 338.653 100.0 707.238 297.878 67.189 143.828 84.332 27.675 6.409 3.568 15.737 12.784 4.163 13.31 24.5
-1.0 0.4 2.0 -1.0 4.0 0.02 8.67 7.221 472.263 435.882 281.325 100.0 557.821 303.542 93.19 258.259 123.417 25.317 6.183 5.718 25.328 12.558 6.701 21.423 24.126
-1.7 0.1 2.0 -4.0 4.0 0.04 8.971 24.888 0.007 39.981 10.814 100.0 46.335 280.213 677.897 17.016 91.395 108.46 9.014 6.163 12.644 15.986 3.345 10.694 31.699
-1.7 0.25 2.0 -4.0 4.0 0.04 8.971 25.616 0.008 46.864 12.017 100.0 48.851 280.672 694.766 17.996 96.951 108.802 8.989 6.444 13.875 15.948 3.67 11.735 31.646
-1.7 0.4 2.0 -4.0 4.0 0.04 8.971 25.665 0.01 55.194 13.553 100.0 51.457 281.453 711.238 19.321 105.445 108.625 8.947 6.86 15.911 15.888 4.209 13.458 31.561
-1.7 0.1 2.0 -3.5 4.0 0.04 8.971 31.873 0.179 56.526 24.403 100.0 902.486 279.669 358.65 0.914 159.683 109.261 8.977 3.266 3.376 15.925 1.778 2.856 31.467
-1.7 0.25 2.0 -3.5 4.0 0.04 8.971 31.896 0.206 66.856 28.034 100.0 993.133 279.976 375.753 1.008 168.983 108.593 8.926 3.674 5.707 15.866 2.203 4.827 31.288
-1.7 0.4 2.0 -3.5 4.0 0.04 8.971 31.201 0.239 79.25 32.86 100.0 1101.09 280.368 406.313 1.254 184.914 107.391 8.853 4.305 9.099 15.778 2.953 7.696 31.025
-1.7 0.1 2.0 -3.0 4.0 0.04 8.971 37.336 2.531 67.016 38.246 100.0 321.872 279.941 595.562 4.168 215.273 107.034 8.988 4.706 6.722 15.902 0.893 5.686 31.539
-1.7 0.25 2.0 -3.0 4.0 0.04 8.971 36.555 2.782 81.018 46.529 100.0 347.718 280.51 612.959 4.412 231.403 106.382 8.95 5.0 8.327 15.817 1.51 7.043 31.441
-1.7 0.4 2.0 -3.0 4.0 0.04 8.971 35.417 3.095 97.736 58.457 100.0 377.5 281.155 635.793 4.833 256.271 105.202 8.893 5.522 11.161 15.695 2.407 9.44 31.274
-1.7 0.1 2.0 -2.0 4.0 0.04 8.971 38.86 34.371 112.856 107.084 100.0 1982.339 278.105 105.78 0.12 207.969 101.401 8.86 1.256 2.03 15.681 0.537 1.717 30.817
-1.7 0.25 2.0 -2.0 4.0 0.04 8.971 36.602 53.907 139.816 153.867 100.0 2267.895 278.284 136.444 3.699 225.618 101.426 8.759 1.98 5.397 15.5 1.428 4.565 30.416
-1.7 0.4 2.0 -2.0 4.0 0.04 8.971 33.809 87.646 170.684 221.074 100.0 2555.535 279.005 180.712 26.389 244.256 100.103 8.629 2.883 9.528 15.28 2.521 8.059 29.952
-1.7 0.1 2.0 -1.0 4.0 0.04 8.971 20.857 378.006 340.041 198.167 100.0 2929.463 276.065 69.032 30.118 126.966 91.262 8.494 1.518 5.44 15.011 1.439 4.601 29.142
-1.7 0.25 2.0 -1.0 4.0 0.04 8.971 16.689 530.334 375.105 284.019 100.0 2952.745 280.033 139.146 158.92 153.169 80.744 8.167 4.077 16.7 14.504 4.418 14.125 28.228
-1.7 0.4 2.0 -1.0 4.0 0.04 8.971 13.645 632.221 383.045 365.221 100.0 2609.353 285.864 225.937 319.654 187.388 65.875 7.762 6.891 29.474 13.923 7.797 24.929 27.138
-1.0 0.1 2.0 -4.0 4.0 0.04 8.971 25.796 0.03 176.126 41.019 100.0 77.259 287.024 1005.733 53.769 216.769 115.666 8.497 10.981 32.92 15.23 8.709 27.844 30.055
-1.0 0.25 2.0 -4.0 4.0 0.04 8.971 25.43 0.03 171.709 40.085 100.0 72.218 287.747 987.832 55.306 232.262 113.314 8.465 11.202 34.927 15.188 9.24 29.541 30.011
-1.0 0.4 2.0 -4.0 4.0 0.04 8.971 24.822 0.03 164.984 38.622 100.0 65.339 288.752 960.043 57.529 252.721 109.733 8.418 11.525 37.823 15.125 10.006 31.99 29.942
-1.0 0.1 2.0 -3.5 4.0 0.04 8.971 32.954 0.903 255.077 124.025 100.0 2415.8 282.373 619.584 3.587 327.933 107.796 8.452 4.51 12.168 15.14 5.407 10.292 29.421
-1.0 0.25 2.0 -3.5 4.0 0.04 8.971 32.569 0.887 247.629 122.376 100.0 2339.359 283.63 639.198 4.729 345.318 105.386 8.391 5.104 15.716 15.08 6.147 13.292 29.3
-1.0 0.4 2.0 -3.5 4.0 0.04 8.971 31.901 0.859 236.542 119.466 100.0 2225.515 285.416 667.223 10.295 367.729 101.731 8.303 6.017 20.74 14.987 7.262 17.542 29.116
-1.0 0.1 2.0 -3.0 4.0 0.04 8.971 36.488 16.223 334.245 310.048 100.0 778.231 285.271 969.211 14.07 411.398 101.783 8.462 7.521 20.437 15.069 3.219 17.286 29.707
-1.0 0.25 2.0 -3.0 4.0 0.04 8.971 36.054 16.284 322.957 310.565 100.0 739.454 286.224 966.151 15.127 425.515 99.126 8.416 7.898 23.237 14.989 4.158 19.654 29.624
-1.0 0.4 2.0 -3.0 4.0 0.04 8.971 35.442 16.264 307.178 310.234 100.0 684.404 287.536 958.985 17.119 442.932 95.281 8.349 8.509 27.451 14.871 5.487 23.218 29.49
-1.0 0.1 2.0 -2.0 4.0 0.04 8.971 24.726 665.992 577.95 803.817 100.0 3224.324 280.324 205.388 4.491 233.477 74.222 8.147 1.736 6.255 14.582 1.655 5.291 28.223
-1.0 0.25 2.0 -2.0 4.0 0.04 8.971 24.17 655.596 536.287 807.754 100.0 3071.968 283.338 255.18 48.608 240.175 70.496 8.022 3.004 12.06 14.44 3.19 10.201 28.046
-1.0 0.4 2.0 -2.0 4.0 0.04 8.971 23.429 631.881 481.894 798.227 100.0 2831.629 287.419 315.238 127.276 247.637 65.494 7.85 4.622 19.386 14.244 5.128 16.396 27.777
-1.0 0.1 2.0 -1.0 4.0 0.04 8.971 13.089 935.972 759.833 586.868 100.0 1255.384 291.874 166.655 92.572 103.309 27.36 6.951 2.426 11.201 13.351 2.963 9.474 25.677
-1.0 0.25 2.0 -1.0 4.0 0.04 8.971 12.911 742.63 574.409 504.229 100.0 999.78 298.286 249.233 310.94 152.322 26.095 6.67 6.156 27.921 12.984 7.386 23.615 25.115
-1.0 0.4 2.0 -1.0 4.0 0.04 8.971 13.077 590.942 437.509 438.544 100.0 798.512 304.154 329.719 553.078 210.615 24.751 6.393 9.898 44.689 12.673 11.822 37.798 24.55
-1.7 0.1 2.0 -4.0 4.0 0.06 9.147 27.28 0.006 38.495 4.974 100.0 40.543 281.136 1024.809 19.854 99.793 96.302 9.144 7.578 17.478 16.252 4.624 14.783 32.389
-1.7 0.25 2.0 -4.0 4.0 0.06 9.147 27.717 0.007 45.257 5.669 100.0 43.053 281.388 1060.405 21.192 106.638 97.138 9.121 7.931 18.922 16.213 5.006 16.004 32.325
-1.7 0.4 2.0 -4.0 4.0 0.06 9.147 27.598 0.009 53.564 6.628 100.0 45.876 281.89 1099.923 23.023 116.928 97.756 9.082 8.434 21.223 16.152 5.614 17.95 32.228
-1.7 0.1 2.0 -3.5 4.0 0.06 9.147 36.464 0.192 55.624 11.559 100.0 861.152 280.403 573.471 1.176 176.349 97.115 9.094 4.095 4.658 16.189 2.549 3.94 32.075
-1.7 0.25 2.0 -3.5 4.0 0.06 9.147 36.316 0.215 65.793 13.545 100.0 955.523 280.607 603.08 1.307 187.267 96.994 9.044 4.532 7.23 16.131 2.997 6.115 31.892
-1.7 0.4 2.0 -3.5 4.0 0.06 9.147 35.399 0.242 78.026 16.334 100.0 1071.498 280.818 653.348 1.667 205.67 96.51 8.972 5.258 11.261 16.041 3.827 9.524 31.61
-1.7 0.1 2.0 -3.0 4.0 0.06 9.147 45.161 2.773 67.84 20.542 100.0 286.425 280.784 914.914 5.013 248.033 96.138 9.117 5.787 9.636 16.143 1.232 8.15 32.213
-1.7 0.25 2.0 -3.0 4.0 0.06 9.147 44.187 2.957 81.845 25.586 100.0 311.16 281.177 949.368 5.35 267.125 95.878 9.082 6.111 11.33 16.057 1.913 9.583 32.112
-1.7 0.4 2.0 -3.0 4.0 0.06 9.147 42.777 3.14 98.71 33.071 100.0 340.805 281.644 994.057 5.915 297.431 95.246 9.026 6.689 14.465 15.929 2.979 12.234 31.939
-1.7 0.1 2.0 -2.0 4.0 0.06 9.147 50.349 30.915 124.685 83.535 100.0 2119.453 278.65 187.219 0.216 261.607 93.332 8.951 1.693 2.645 15.867 0.7 2.237 31.276
-1.7 0.25 2.0 -2.0 4.0 0.06 9.147 47.281 47.587 153.919 127.221 100.0 2473.96 278.682 235.657 7.055 287.028 93.275 8.845 2.583 6.946 15.672 1.838 5.875 30.838
-1.7 0.4 2.0 -2.0 4.0 0.06 9.147 43.418 78.522 187.221 193.197 100.0 2843.644 279.116 315.417 40.093 314.903 91.706 8.712 3.709 12.279 15.435 3.248 10.385 30.328
-1.7 0.1 2.0 -1.0 4.0 0.06 9.147 27.771 450.359 384.829 207.675 100.0 3255.703 276.493 136.221 47.096 176.123 84.001 8.547 2.144 7.637 15.12 2.02 6.46 29.421
-1.7 0.25 2.0 -1.0 4.0 0.06 9.147 21.669 611.654 416.836 311.91 100.0 3335.814 279.993 285.647 237.065 212.862 74.002 8.205 5.654 23.356 14.567 6.179 19.755 28.391
-1.7 0.4 2.0 -1.0 4.0 0.06 9.147 17.286 696.892 409.647 408.241 100.0 2944.251 285.761 464.719 464.82 253.439 59.833 7.755 9.322 40.309 13.881 10.664 34.093 27.097
-1.0 0.1 2.0 -4.0 4.0 0.06 9.147 25.787 0.019 176.437 28.118 100.0 77.79 284.104 1745.647 70.894 264.302 109.762 8.694 14.084 43.991 15.507 11.638 37.207 30.72
-1.0 0.25 2.0 -4.0 4.0 0.06 9.147 25.456 0.019 172.409 27.867 100.0 73.196 284.761 1720.442 73.126 282.926 107.802 8.659 14.306 46.306 15.457 12.25 39.166 30.656
-1.0 0.4 2.0 -4.0 4.0 0.06 9.147 24.936 0.02 166.374 27.442 100.0 66.954 285.677 1681.463 76.439 307.927 104.82 8.606 14.641 49.686 15.379 13.144 42.024 30.549
-1.0 0.1 2.0 -3.5 4.0 0.06 9.147 34.327 0.575 254.474 80.52 100.0 2559.979 280.388 1098.786 5.536 399.405 99.708 8.646 5.809 16.249 15.432 7.265 13.744 30.083
-1.0 0.25 2.0 -3.5 4.0 0.06 9.147 33.918 0.566 247.924 80.861 100.0 2504.515 281.329 1139.839 7.76 422.858 97.919 8.585 6.494 20.576 15.361 8.164 17.403 29.929
-1.0 0.4 2.0 -3.5 4.0 0.06 9.147 33.225 0.55 237.945 80.877 100.0 2418.309 282.679 1199.755 18.962 453.63 95.119 8.498 7.55 26.644 15.255 9.522 22.535 29.706
-1.0 0.1 2.0 -3.0 4.0 0.06 9.147 41.008 9.918 336.142 214.545 100.0 775.367 282.587 1686.988 19.543 511.868 93.082 8.669 9.628 27.463 15.349 4.299 23.228 30.402
-1.0 0.25 2.0 -3.0 4.0 0.06 9.147 40.438 10.096 326.621 219.421 100.0 742.238 283.342 1690.826 21.251 533.916 91.332 8.622 10.056 30.86 15.258 5.443 26.101 30.287
-1.0 0.4 2.0 -3.0 4.0 0.06 9.147 39.662 10.28 312.815 225.588 100.0 694.403 284.424 1689.98 24.581 561.78 88.762 8.551 10.758 35.995 15.129 7.048 30.444 30.115
-1.0 0.1 2.0 -2.0 4.0 0.06 9.147 30.465 662.251 608.592 793.234 100.0 3744.612 278.833 401.026 10.164 326.064 67.018 8.313 2.253 8.689 14.79 2.299 7.349 28.704
-1.0 0.25 2.0 -2.0 4.0 0.06 9.147 29.739 663.879 566.734 814.308 100.0 3618.872 281.452 497.866 72.133 335.841 64.517 8.189 3.811 15.995 14.632 4.231 13.528 28.484
-1.0 0.4 2.0 -2.0 4.0 0.06 9.147 28.936 655.656 512.645 829.399 100.0 3402.733 285.026 620.5 179.956 346.395 60.997 8.017 5.899 25.55 14.415 6.759 21.61 28.156
-1.0 0.1 2.0 -1.0 4.0 0.06 9.147 17.575 1056.017 775.919 679.192 100.0 1571.262 290.539 376.849 136.526 158.431 27.022 7.21 3.259 15.781 13.617 4.175 13.348 26.372
-1.0 0.25 2.0 -1.0 4.0 0.06 9.147 17.352 841.588 576.808 598.511 100.0 1260.598 297.042 527.427 454.471 212.853 26.229 6.861 8.331 38.566 13.12 10.202 32.619 25.539
-1.0 0.4 2.0 -1.0 4.0 0.06 9.147 17.777 680.997 434.536 540.633 100.0 1028.124 302.732 680.426 807.943 281.688 25.263 6.547 13.475 61.697 12.73 16.322 52.183 24.799
